613 285 640 408 2 0.304085 
461 289 594 512 0 0.483352 
477 474 539 512 2 0.526616 
343 50 482 512 0 0.509753 
296 46 404 509 0 0.342444 
291 63 397 494 0 0.732148 
285 57 394 491 0 0.835008 
284 71 384 479 0 0.876936 
278 70 386 481 0 0.942769 
274 65 387 484 0 0.900952 
272 72 380 480 0 0.708222 
261 77 370 476 0 0.740074 
254 77 357 482 0 0.878071 
251 82 349 470 0 0.600479 
309 402 356 506 0 0.672208 
248 70 350 469 0 0.529949 
249 74 351 468 0 0.767676 
240 79 349 470 0 0.931602 
242 80 342 470 0 0.952091 
243 84 338 469 0 0.907596 
244 84 334 470 0 0.968988 
239 87 333 469 0 0.984923 
232 93 329 466 0 0.960363 
232 98 325 461 0 0.929949 
235 100 327 462 0 0.935028 
235 98 323 462 0 0.913582 
224 96 313 462 0 0.920708 
221 96 313 463 0 0.743872 
220 102 311 457 0 0.797114 
217 103 309 453 0 0.787439 
213 103 309 447 0 0.901947 
205 106 298 443 0 0.945271 
202 108 295 444 0 0.964354 
200 105 290 443 0 0.978037 
199 118 290 441 0 0.945859 
195 113 291 442 0 0.96419 
193 118 283 440 0 0.967603 
191 120 280 437 0 0.96534 
189 121 277 439 0 0.973963 
187 122 272 440 0 0.953781 
186 121 270 435 0 0.90416 
177 122 270 435 0 0.974748 
172 120 269 429 0 0.894135 
172 122 268 434 0 0.967132 
174 124 267 436 0 0.983957 
172 125 265 435 0 0.990634 
173 128 263 434 0 0.984723 
166 128 264 434 0 0.988813 
164 130 263 433 0 0.987927 
165 131 259 429 0 0.981908 
163 133 252 418 0 0.973757 
160 133 250 417 0 0.978313 
160 133 246 427 0 0.972473 
158 133 244 417 0 0.964539 
620 271 639 320 0 0.314545 
158 134 246 413 0 0.967098 
155 134 240 410 0 0.967969 
153 134 241 409 0 0.967251 
153 133 241 400 0 0.948229 
153 135 244 400 0 0.984707 
623 297 640 324 0 0.36912 
151 135 244 399 0 0.971417 
623 296 640 321 0 0.633429 
152 137 243 403 0 0.974845 
623 296 640 321 0 0.557991 
151 138 237 398 0 0.809105 
148 142 232 392 0 0.652495 
149 145 229 401 0 0.933254 
150 148 230 410 0 0.775923 
149 148 227 409 0 0.933956 
150 148 223 409 0 0.956273 
150 148 220 408 0 0.952104 
147 148 221 406 0 0.973179 
144 149 220 406 0 0.982827 
142 151 213 404 0 0.985585 
141 152 213 404 0 0.985703 
139 153 214 403 0 0.990648 
140 152 216 403 0 0.993835 
139 153 214 402 0 0.994558 
140 154 214 401 0 0.99443 
139 156 213 400 0 0.993813 
140 157 215 398 0 0.99631 
140 158 213 396 0 0.996261 
140 158 213 393 0 0.996552 
139 159 212 390 0 0.995346 
138 159 211 390 0 0.994161 
137 159 205 391 0 0.99167 
138 159 206 389 0 0.982828 
136 159 207 389 0 0.9918 
135 157 212 389 0 0.996521 
133 159 213 389 0 0.992013 
132 161 210 391 0 0.993285 
130 163 207 394 0 0.989966 
130 166 199 394 0 0.988706 
127 165 197 393 0 0.990027 
126 163 195 394 0 0.992828 
125 164 193 391 0 0.991516 
125 164 191 389 0 0.990116 
125 163 189 387 0 0.979029 
124 164 188 385 0 0.984573 
123 164 187 388 0 0.990273 
122 167 185 387 0 0.991435 
122 168 186 388 0 0.994655 
121 169 184 390 0 0.991391 
516 255 537 314 0 0.317389 
122 172 183 387 0 0.993081 
512 254 534 314 0 0.455167 
122 174 182 387 0 0.990822 
121 176 181 388 0 0.987995 
121 180 180 385 0 0.986381 
121 179 180 385 0 0.986825 
121 180 179 383 0 0.99097 
500 254 528 317 0 0.843219 
118 174 178 378 0 0.989453 
497 255 525 316 0 0.64959 
118 174 178 379 0 0.994061 
496 255 525 315 0 0.786581 
116 175 178 377 0 0.99746 
495 255 523 316 0 0.889884 
112 174 180 377 0 0.998254 
495 256 520 315 0 0.728756 
112 175 180 378 0 0.997486 
494 255 518 314 0 0.553615 
109 176 179 375 0 0.993694 
493 253 515 313 0 0.759014 
108 174 173 375 0 0.97434 
491 253 513 312 0 0.740915 
108 176 172 375 0 0.971082 
105 182 174 374 0 0.983473 
106 184 173 374 0 0.992715 
103 184 171 374 0 0.992453 
103 183 171 375 0 0.987258 
104 178 168 372 0 0.928178 
104 175 168 372 0 0.875852 
102 180 167 371 0 0.973077 
103 182 165 371 0 0.974821 
101 182 164 372 0 0.982887 
98 180 163 374 0 0.891593 
97 181 163 376 0 0.699481 
91 182 160 376 0 0.61105 
91 183 159 375 0 0.859357 
92 183 157 374 0 0.895955 
464 252 488 312 0 0.393486 
92 178 156 369 0 0.786412 
95 174 154 363 0 0.412267 
458 254 483 315 0 0.302405 
456 254 483 315 0 0.833398 
89 170 156 366 0 0.801806 
90 174 155 369 0 0.949412 
454 253 482 316 0 0.933053 
87 170 153 369 0 0.820844 
87 172 154 369 0 0.930094 
86 171 155 369 0 0.978962 
87 188 153 367 0 0.982297 
86 194 149 370 0 0.995713 
86 192 147 368 0 0.990654 
446 254 466 313 0 0.556822 
85 191 147 369 0 0.993203 
85 193 146 369 0 0.991979 
85 195 144 365 0 0.80686 
85 192 143 364 0 0.592655 
84 193 142 363 0 0.421873 
84 194 141 364 0 0.763456 
83 196 140 364 0 0.75589 
81 198 136 368 0 0.969776 
79 201 135 367 0 0.948909 
78 201 134 367 0 0.975667 
78 200 134 366 0 0.994736 
77 200 133 367 0 0.994309 
79 201 135 362 0 0.997597 
78 201 135 359 0 0.997985 
78 201 133 358 0 0.997783 
76 200 132 359 0 0.997913 
75 200 131 359 0 0.997459 
74 201 129 358 0 0.994998 
73 202 127 357 0 0.985047 
69 205 126 359 0 0.883678 
67 203 127 359 0 0.777043 
65 203 122 361 0 0.91655 
62 204 120 362 0 0.978831 
61 203 120 363 0 0.99162 
61 202 117 362 0 0.996452 
60 201 115 361 0 0.997823 
58 200 113 359 0 0.998613 
56 199 112 359 0 0.999035 
57 199 112 359 0 0.998942 
56 200 111 359 0 0.998194 
55 201 111 360 0 0.997828 
398 256 417 305 0 0.60586 
55 203 109 359 0 0.995769 
54 203 108 359 0 0.996771 
53 204 107 357 0 0.997784 
53 204 106 357 0 0.99854 
53 204 105 357 0 0.997823 
50 204 104 354 0 0.994905 
49 204 103 349 0 0.970551 
49 204 101 351 0 0.968048 
46 203 100 350 0 0.987814 
43 205 97 349 0 0.961001 
39 210 93 345 0 0.537585 
429 287 453 315 1 0.625153 
429 287 453 315 1 0.782202 
428 285 452 315 1 0.645799 
35 206 89 347 0 0.738361 
33 204 89 351 0 0.901269 
33 205 90 350 0 0.946105 
33 205 89 350 0 0.913448 
31 206 87 351 0 0.992194 
31 209 84 348 0 0.910719 
31 210 83 348 0 0.93085 
31 211 83 349 0 0.849118 
32 213 79 349 0 0.850344 
32 213 76 348 0 0.955858 
32 214 76 348 0 0.965824 
31 211 79 350 0 0.98954 
364 256 382 307 0 0.784561 
31 216 76 348 0 0.958614 
363 256 382 310 0 0.856088 
31 220 74 346 0 0.90886 
363 256 381 311 0 0.703279 
29 214 79 348 0 0.969305 
362 254 381 309 0 0.617032 
28 213 76 348 0 0.983216 
362 254 381 308 0 0.327529 
28 213 75 347 0 0.977327 
361 255 380 307 0 0.557433 
412 296 435 317 1 0.409454 
27 213 74 347 0 0.972179 
27 215 73 346 0 0.970959 
28 221 71 344 0 0.72172 
400 288 425 315 1 0.323671 
27 220 69 345 0 0.899067 
399 286 425 314 1 0.314528 
28 221 69 344 0 0.579858 
25 216 71 346 0 0.920993 
400 285 424 315 1 0.317932 
25 217 70 346 0 0.933132 
401 285 423 315 1 0.3388 
401 286 423 316 1 0.352567 
27 225 63 341 0 0.341111 
26 224 64 342 0 0.775907 
25 221 63 343 0 0.936412 
399 288 420 316 1 0.385841 
24 219 62 345 0 0.960101 
23 219 62 345 0 0.920033 
22 223 61 342 0 0.884186 
23 223 59 343 0 0.833484 
23 225 59 346 0 0.703265 
21 223 58 346 0 0.815099 
20 225 57 345 0 0.85716 
21 226 56 342 0 0.814969 
21 229 56 341 0 0.707471 
21 226 57 340 0 0.880536 
21 227 56 338 0 0.683802 
21 227 56 337 0 0.73459 
21 227 56 334 0 0.671441 
19 226 55 334 0 0.649365 
19 227 56 335 0 0.863681 
20 232 56 332 0 0.49275 
20 233 55 333 0 0.377734 
218 264 236 309 0 0.367954 
217 263 234 309 0 0.323536 
204 263 222 305 0 0.386693 
221 272 239 310 0 0.397957 
21 242 46 313 0 0.529478 
21 241 46 314 0 0.546016 
26 247 53 315 0 0.389074 
25 246 52 317 0 0.453414 
23 239 50 314 0 0.428452 
23 242 48 311 0 0.442927 
22 243 46 312 0 0.312898 
18 250 42 315 0 0.363012 
19 249 42 317 0 0.363103 
3 290 22 324 1 0.333941 
