122 277 136 304 0 0.402659 
122 293 138 310 1 0.606469 
122 276 137 302 0 0.540674 
121 291 136 310 1 0.714353 
122 277 136 304 0 0.512009 
121 291 135 311 1 0.397487 
118 293 133 310 1 0.51769 
86 288 102 311 1 0.362465 
87 275 103 309 0 0.36814 
2 73 73 458 0 0.421577 
5 79 119 448 0 0.671567 
4 75 123 462 0 0.86619 
2 75 116 465 0 0.890229 
7 78 122 461 0 0.90972 
11 80 124 459 0 0.912446 
12 78 128 467 0 0.659511 
18 76 134 470 0 0.8902 
13 73 146 476 0 0.706383 
14 77 153 470 0 0.687757 
46 78 172 467 0 0.572023 
55 78 196 467 0 0.699713 
62 82 214 465 0 0.815211 
79 87 229 462 0 0.665388 
80 86 233 465 0 0.810315 
90 85 237 466 0 0.828127 
94 86 246 465 0 0.930971 
99 89 247 459 0 0.943612 
118 93 249 454 0 0.94242 
132 91 246 453 0 0.946792 
144 98 240 446 0 0.79089 
146 101 239 443 0 0.753045 
149 99 236 439 0 0.680593 
160 95 267 438 0 0.973499 
161 100 275 433 0 0.978071 
169 103 285 436 0 0.984306 
173 103 296 437 0 0.981632 
180 101 295 439 0 0.971922 
181 100 294 439 0 0.975345 
185 108 299 438 0 0.892278 
199 105 301 432 0 0.78865 
201 102 303 435 0 0.93043 
208 110 306 428 0 0.90026 
219 108 308 426 0 0.848101 
228 105 325 433 0 0.888876 
231 106 340 436 0 0.974037 
238 103 349 435 0 0.825455 
245 103 363 439 0 0.985695 
246 109 370 436 0 0.97411 
251 114 376 430 0 0.989761 
259 115 385 427 0 0.991651 
265 118 388 424 0 0.98848 
269 119 390 425 0 0.986079 
274 120 389 418 0 0.982706 
281 123 388 418 0 0.982365 
285 127 389 415 0 0.980953 
292 123 386 421 0 0.979016 
295 120 383 417 0 0.984929 
298 119 397 418 0 0.899423 
302 119 397 418 0 0.963553 
309 124 395 413 0 0.949445 
310 125 403 413 0 0.974023 
315 125 419 415 0 0.983947 
316 128 429 414 0 0.985935 
325 129 435 410 0 0.976599 
329 132 439 413 0 0.988601 
331 132 438 411 0 0.983947 
333 133 436 411 0 0.984807 
334 133 434 415 0 0.989798 
334 133 433 417 0 0.989254 
340 133 437 417 0 0.980839 
347 133 451 417 0 0.984482 
350 132 464 415 0 0.991772 
354 136 469 413 0 0.986359 
353 136 474 414 0 0.977685 
357 138 483 412 0 0.976243 
359 140 481 411 0 0.967846 
360 139 464 408 0 0.987355 
358 141 465 407 0 0.98301 
354 139 464 412 0 0.967003 
354 141 463 412 0 0.914775 
368 144 491 411 0 0.914217 
375 141 484 414 0 0.89976 
381 143 486 414 0 0.706066 
385 151 487 417 0 0.938144 
385 154 487 414 0 0.953229 
388 156 486 415 0 0.950207 
384 159 497 413 0 0.842952 
388 163 507 408 0 0.679069 
392 164 507 407 0 0.862296 
393 160 510 407 0 0.909623 
395 161 514 407 0 0.961852 
398 161 517 407 0 0.952177 
403 163 516 408 0 0.979817 
406 164 517 407 0 0.976822 
409 166 516 407 0 0.968382 
412 170 516 406 0 0.983019 
413 170 516 406 0 0.985863 
413 171 516 406 0 0.98914 
415 173 516 406 0 0.988311 
417 174 515 406 0 0.991851 
420 174 514 409 0 0.99352 
420 174 510 410 0 0.993609 
420 173 511 411 0 0.993592 
419 174 513 411 0 0.994433 
418 175 514 410 0 0.994716 
417 175 514 410 0 0.994873 
416 178 515 410 0 0.99575 
415 181 517 409 0 0.995624 
415 182 517 409 0 0.99555 
415 184 518 409 0 0.995565 
415 184 519 409 0 0.995551 
417 185 519 409 0 0.99566 
417 185 520 410 0 0.994476 
415 188 520 411 0 0.990418 
428 193 523 411 0 0.989188 
428 194 523 412 0 0.989446 
371 191 484 400 0 0.398882 
426 195 526 411 0 0.989596 
377 198 475 392 0 0.362393 
435 200 528 410 0 0.98238 
440 203 530 408 0 0.985418 
446 208 532 407 0 0.882477 
364 201 483 391 0 0.541224 
447 210 533 405 0 0.826966 
440 210 536 405 0 0.66449 
368 206 501 399 0 0.740331 
455 219 534 406 0 0.65854 
455 218 535 407 0 0.745785 
371 207 501 398 0 0.518888 
458 219 536 407 0 0.959047 
373 212 498 397 0 0.61303 
455 219 539 407 0 0.931407 
370 213 505 398 0 0.347982 
454 219 541 407 0 0.9595 
374 215 498 396 0 0.337262 
454 221 543 407 0 0.942456 
366 217 536 403 0 0.355025 
453 220 545 408 0 0.815488 
365 218 538 403 0 0.687775 
451 226 546 407 0 0.724527 
368 220 539 402 0 0.604597 
400 221 543 405 0 0.54551 
395 225 528 403 0 0.582083 
389 225 530 404 0 0.332881 
465 229 540 407 0 0.400896 
394 232 531 404 0 0.62489 
465 236 543 406 0 0.556851 
394 234 529 403 0 0.815392 
397 236 545 403 0 0.852799 
399 238 548 403 0 0.926297 
403 237 537 402 0 0.893262 
412 238 544 403 0 0.828109 
423 236 545 402 0 0.90699 
423 234 547 402 0 0.874206 
425 230 534 402 0 0.924334 
427 228 539 402 0 0.940367 
426 227 543 402 0 0.96774 
427 224 534 402 0 0.922861 
426 221 537 402 0 0.862491 
431 221 530 403 0 0.731042 
518 254 552 318 0 0.44432 
442 222 529 404 0 0.533318 
458 221 538 406 0 0.849456 
460 221 539 405 0 0.93203 
456 218 553 404 0 0.928783 
456 216 545 405 0 0.868569 
451 215 564 405 0 0.844703 
438 216 536 405 0 0.588638 
450 214 544 406 0 0.645721 
449 214 546 405 0 0.581151 
449 213 550 406 0 0.787424 
450 213 555 405 0 0.893682 
452 213 543 406 0 0.766135 
452 213 541 406 0 0.691103 
448 212 566 405 0 0.914302 
451 212 569 405 0 0.940758 
452 212 568 405 0 0.941513 
452 212 567 405 0 0.942007 
451 211 569 405 0 0.928744 
457 210 568 406 0 0.882654 
458 209 566 406 0 0.927253 
454 209 569 406 0 0.931913 
450 209 569 406 0 0.94369 
451 208 570 406 0 0.958224 
451 207 570 406 0 0.951498 
453 206 570 406 0 0.968873 
453 206 569 406 0 0.96771 
453 206 570 406 0 0.975182 
452 206 571 405 0 0.975934 
453 206 571 406 0 0.975066 
452 206 570 406 0 0.971313 
455 204 564 404 0 0.966177 
455 204 570 405 0 0.973185 
453 204 572 405 0 0.971019 
455 204 569 405 0 0.970938 
456 205 570 405 0 0.974699 
458 205 569 405 0 0.979558 
456 204 572 405 0 0.981942 
456 204 571 405 0 0.981059 
457 204 570 405 0 0.98092 
457 204 570 405 0 0.980743 
459 204 569 405 0 0.981977 
460 204 569 405 0 0.983642 
459 204 566 405 0 0.975331 
459 204 565 405 0 0.982431 
458 204 565 405 0 0.985513 
459 204 565 405 0 0.984429 
459 205 565 405 0 0.98509 
459 205 566 405 0 0.982949 
456 204 568 405 0 0.978652 
458 204 568 405 0 0.982861 
456 203 570 405 0 0.98421 
454 202 570 405 0 0.981707 
455 202 570 405 0 0.978682 
454 201 570 405 0 0.982748 
458 201 570 405 0 0.982318 
456 201 569 405 0 0.983906 
460 201 569 405 0 0.987612 
460 201 569 405 0 0.989357 
460 201 568 405 0 0.989416 
461 202 567 405 0 0.989155 
461 202 567 405 0 0.989642 
461 202 567 405 0 0.989633 
460 202 568 405 0 0.989539 
461 202 567 405 0 0.988573 
460 202 568 405 0 0.987684 
461 203 567 405 0 0.987453 
457 201 548 405 0 0.964913 
457 201 553 406 0 0.968534 
457 201 556 405 0 0.976759 
460 201 560 405 0 0.981033 
460 201 561 405 0 0.983977 
459 200 563 405 0 0.982057 
460 201 563 406 0 0.982611 
459 201 564 405 0 0.983619 
458 201 565 405 0 0.983526 
459 201 565 405 0 0.983677 
459 201 566 405 0 0.984998 
457 201 567 405 0 0.984539 
462 202 570 406 0 0.98051 
464 203 570 406 0 0.982454 
464 203 569 406 0 0.985821 
465 203 568 405 0 0.985286 
465 203 565 406 0 0.986595 
463 202 569 406 0 0.984618 
461 202 571 406 0 0.978449 
467 203 570 406 0 0.972324 
468 203 571 406 0 0.9762 
467 203 569 406 0 0.983445 
468 202 570 406 0 0.983917 
465 203 572 406 0 0.989914 
464 201 566 406 0 0.979799 
464 202 569 406 0 0.979782 
465 202 564 406 0 0.98656 
466 202 562 406 0 0.990587 
463 202 564 406 0 0.986972 
463 202 564 405 0 0.985826 
463 202 566 405 0 0.988279 
463 202 566 405 0 0.987173 
463 202 567 405 0 0.986684 
463 202 569 405 0 0.983313 
460 202 569 405 0 0.980754 
455 202 569 405 0 0.976299 
438 202 572 405 0 0.930956 
446 203 574 406 0 0.937385 
447 203 572 405 0 0.944152 
451 203 570 405 0 0.968783 
452 203 571 405 0 0.969167 
457 203 570 405 0 0.97455 
455 203 574 406 0 0.965916 
454 203 576 406 0 0.964164 
455 203 574 405 0 0.966901 
454 203 574 405 0 0.966958 
453 203 574 405 0 0.968029 
452 203 573 405 0 0.973593 
437 202 568 405 0 0.897488 
435 202 570 405 0 0.925035 
437 202 569 405 0 0.925048 
438 202 568 405 0 0.928603 
439 202 568 405 0 0.937835 
439 203 568 405 0 0.939804 
441 203 568 405 0 0.957044 
437 202 568 405 0 0.938164 
441 203 569 405 0 0.955124 
445 203 568 405 0 0.956619 
449 202 569 405 0 0.955934 
448 202 571 405 0 0.954676 
457 201 567 406 0 0.93579 
462 202 568 406 0 0.953658 
463 202 568 406 0 0.945638 
458 202 568 406 0 0.925549 
458 202 567 405 0 0.951276 
459 202 568 405 0 0.958074 
462 202 568 405 0 0.969425 
459 202 569 405 0 0.95907 
460 202 568 405 0 0.961762 
457 202 568 405 0 0.964562 
456 202 568 405 0 0.963968 
457 202 568 405 0 0.957846 
450 202 568 405 0 0.954098 
445 202 569 405 0 0.956983 
443 202 568 404 0 0.954945 
446 202 568 404 0 0.964941 
442 201 568 404 0 0.962901 
440 202 569 404 0 0.970266 
441 201 568 404 0 0.967906 
440 201 569 405 0 0.964145 
439 201 569 404 0 0.964219 
438 201 569 405 0 0.951884 
449 201 569 405 0 0.969756 
452 201 568 405 0 0.976688 
460 202 569 406 0 0.978048 
461 202 569 406 0 0.982898 
462 202 569 405 0 0.979918 
463 202 569 405 0 0.979913 
460 201 569 406 0 0.970721 
461 201 569 406 0 0.974878 
463 201 570 406 0 0.982293 
461 201 570 406 0 0.972022 
464 201 569 406 0 0.97637 
463 200 570 406 0 0.969826 
463 199 571 406 0 0.959742 
462 199 571 405 0 0.969126 
463 200 571 405 0 0.977243 
464 200 571 405 0 0.980049 
464 199 567 405 0 0.978761 
463 199 568 405 0 0.976052 
465 199 570 405 0 0.984873 
466 199 571 405 0 0.990059 
466 199 571 405 0 0.9902 
467 199 570 405 0 0.990289 
467 199 568 405 0 0.990446 
467 199 570 405 0 0.990184 
467 199 572 405 0 0.990669 
466 199 573 405 0 0.990319 
467 199 574 406 0 0.988775 
467 199 575 405 0 0.989012 
466 199 577 405 0 0.987773 
465 199 577 405 0 0.985733 
465 199 577 405 0 0.986886 
465 199 577 405 0 0.986709 
466 199 577 405 0 0.986444 
463 199 576 405 0 0.985291 
462 199 577 405 0 0.985159 
462 199 577 405 0 0.984703 
462 198 577 405 0 0.984986 
463 199 576 405 0 0.987013 
466 199 579 405 0 0.979626 
466 199 578 404 0 0.979969 
464 199 580 405 0 0.980498 
465 199 578 405 0 0.982968 
464 199 578 404 0 0.98237 
464 199 578 405 0 0.984284 
464 199 578 404 0 0.98376 
463 200 577 404 0 0.98395 
462 200 577 405 0 0.985092 
463 200 577 404 0 0.984842 
463 200 577 404 0 0.983357 
462 200 576 404 0 0.982535 
466 200 576 406 0 0.982291 
464 200 576 405 0 0.981887 
465 200 575 405 0 0.983358 
464 200 576 405 0 0.982861 
464 200 576 405 0 0.984699 
465 200 576 406 0 0.984912 
465 201 576 406 0 0.985143 
465 200 576 406 0 0.985121 
465 200 577 406 0 0.984697 
465 200 577 406 0 0.984628 
465 200 576 405 0 0.98559 
465 200 576 405 0 0.986266 
466 200 573 405 0 0.987808 
464 200 574 405 0 0.987638 
465 200 575 405 0 0.987173 
465 200 576 405 0 0.986132 
465 200 576 405 0 0.986263 
465 201 574 405 0 0.987921 
465 201 574 405 0 0.987347 
465 201 574 405 0 0.986048 
465 201 574 405 0 0.98599 
465 201 574 405 0 0.986139 
465 201 574 405 0 0.987501 
465 201 574 405 0 0.987734 
467 200 573 405 0 0.988368 
467 200 575 405 0 0.988204 
467 201 576 405 0 0.989059 
466 201 576 405 0 0.989291 
466 201 576 405 0 0.98806 
466 201 576 405 0 0.988052 
466 201 575 405 0 0.988851 
465 201 574 405 0 0.988932 
465 201 574 405 0 0.98862 
464 201 574 405 0 0.98792 
464 201 574 405 0 0.987468 
463 201 574 405 0 0.987236 
467 201 571 405 0 0.989521 
467 201 572 405 0 0.988664 
466 201 572 405 0 0.989197 
467 201 573 405 0 0.989542 
467 201 573 405 0 0.989189 
467 201 573 405 0 0.989175 
467 201 572 405 0 0.988593 
466 201 573 405 0 0.988913 
466 201 574 405 0 0.988355 
466 201 574 405 0 0.988854 
466 201 574 405 0 0.9886 
465 201 574 405 0 0.988858 
465 201 572 405 0 0.986817 
465 201 572 405 0 0.98824 
467 201 573 406 0 0.987266 
465 201 573 405 0 0.988675 
465 201 572 405 0 0.989351 
466 201 571 405 0 0.990258 
466 201 572 405 0 0.990544 
466 201 572 405 0 0.990162 
465 200 572 405 0 0.990306 
465 200 571 405 0 0.990074 
465 200 572 405 0 0.99048 
465 200 571 405 0 0.990521 
462 200 572 405 0 0.984591 
462 200 574 405 0 0.987895 
461 200 575 405 0 0.985323 
460 201 575 406 0 0.983526 
462 200 573 405 0 0.984336 
464 200 574 406 0 0.985176 
461 200 574 405 0 0.983402 
461 200 574 405 0 0.980737 
461 200 574 405 0 0.98097 
463 200 574 405 0 0.982247 
462 200 574 405 0 0.9821 
464 200 574 405 0 0.984665 
464 201 574 405 0 0.985225 
464 201 576 405 0 0.988669 
465 201 577 405 0 0.988898 
465 201 576 405 0 0.989738 
464 201 576 405 0 0.987356 
465 201 576 405 0 0.988268 
465 201 575 405 0 0.988174 
465 201 574 405 0 0.989453 
465 201 575 405 0 0.989287 
466 201 574 405 0 0.98925 
466 201 575 405 0 0.988852 
467 201 574 405 0 0.988518 
466 201 570 405 0 0.986725 
467 201 572 405 0 0.98789 
467 201 571 404 0 0.987613 
467 201 570 404 0 0.987384 
467 201 571 404 0 0.988512 
466 201 571 404 0 0.987515 
466 201 571 404 0 0.987742 
465 200 570 404 0 0.987354 
464 201 571 405 0 0.984884 
464 201 571 405 0 0.985139 
464 200 570 405 0 0.983571 
464 200 569 405 0 0.98496 
463 200 572 406 0 0.984365 
464 201 574 406 0 0.989929 
464 201 574 405 0 0.988934 
465 201 574 405 0 0.989596 
465 201 573 405 0 0.990108 
465 201 573 405 0 0.991586 
465 201 573 405 0 0.990786 
465 201 573 405 0 0.990598 
465 201 572 405 0 0.991035 
466 201 571 405 0 0.990475 
465 201 571 405 0 0.990564 
465 201 571 405 0 0.990098 
467 201 574 406 0 0.990761 
466 201 574 406 0 0.992773 
466 201 575 406 0 0.992223 
466 201 574 405 0 0.992316 
466 201 574 405 0 0.992841 
467 202 574 405 0 0.992834 
466 202 574 405 0 0.99285 
466 201 574 405 0 0.992356 
464 201 575 405 0 0.990999 
464 201 575 405 0 0.99133 
464 201 575 405 0 0.991405 
464 201 575 405 0 0.99137 
464 200 573 405 0 0.98854 
463 201 575 406 0 0.990152 
463 201 573 405 0 0.991501 
464 201 573 405 0 0.990875 
464 201 573 405 0 0.992102 
463 201 574 405 0 0.991355 
462 201 574 405 0 0.991162 
463 201 574 405 0 0.991157 
464 201 574 405 0 0.991596 
464 201 574 406 0 0.991291 
464 201 573 406 0 0.991 
464 201 573 406 0 0.991855 
466 201 572 405 0 0.987963 
467 201 572 404 0 0.989894 
466 201 573 405 0 0.987777 
466 201 573 405 0 0.988299 
466 201 573 405 0 0.989018 
466 201 573 405 0 0.988883 
467 201 572 404 0 0.988994 
467 201 572 404 0 0.988511 
467 201 573 404 0 0.989076 
467 201 574 405 0 0.988645 
467 201 574 405 0 0.988029 
467 201 574 405 0 0.987691 
465 200 573 406 0 0.987259 
466 200 574 405 0 0.986414 
467 200 574 405 0 0.988199 
466 200 574 405 0 0.988569 
466 200 574 405 0 0.988105 
465 200 574 405 0 0.986917 
465 200 574 405 0 0.988112 
466 200 574 405 0 0.988218 
465 200 574 405 0 0.987805 
464 200 573 405 0 0.987709 
464 200 574 405 0 0.987934 
465 200 574 405 0 0.989495 
464 201 570 405 0 0.991376 
464 200 571 405 0 0.992172 
464 200 572 404 0 0.993277 
463 200 572 405 0 0.991991 
466 200 572 405 0 0.992556 
466 200 572 405 0 0.992447 
466 200 572 405 0 0.992622 
466 200 572 405 0 0.992471 
465 200 572 405 0 0.992116 
465 200 572 405 0 0.992524 
464 200 573 405 0 0.992729 
464 201 573 404 0 0.992823 
466 200 570 405 0 0.987422 
466 200 572 405 0 0.988334 
465 200 571 404 0 0.987898 
466 200 572 404 0 0.989037 
465 200 572 405 0 0.988123 
466 200 572 405 0 0.989548 
464 200 572 405 0 0.98808 
465 200 572 404 0 0.99002 
466 200 572 404 0 0.989563 
466 201 572 404 0 0.991213 
465 201 573 405 0 0.990018 
465 201 573 405 0 0.989206 
464 202 574 405 0 0.985389 
464 202 574 406 0 0.98502 
464 202 574 405 0 0.985979 
463 202 573 405 0 0.986643 
464 202 573 405 0 0.989798 
465 202 574 405 0 0.989787 
465 202 574 405 0 0.990261 
465 202 574 405 0 0.990009 
465 202 574 405 0 0.989618 
465 202 574 406 0 0.990225 
465 202 574 405 0 0.991407 
465 202 573 405 0 0.991576 
461 202 572 405 0 0.987681 
461 202 572 405 0 0.98919 
461 202 573 405 0 0.988923 
458 202 573 405 0 0.987931 
460 202 572 405 0 0.988019 
461 202 573 405 0 0.989213 
460 202 573 405 0 0.987783 
460 202 573 405 0 0.987516 
460 202 573 405 0 0.987964 
460 202 573 405 0 0.987032 
461 202 573 405 0 0.988125 
463 202 573 405 0 0.989374 
464 202 572 405 0 0.987143 
463 203 573 406 0 0.988568 
463 202 572 405 0 0.98987 
463 202 573 405 0 0.989092 
461 202 572 405 0 0.987187 
462 202 572 405 0 0.988344 
464 202 572 405 0 0.989498 
466 202 571 405 0 0.991949 
467 202 571 405 0 0.992601 
467 202 572 405 0 0.991825 
466 202 571 405 0 0.99075 
466 202 572 405 0 0.990313 
468 203 572 405 0 0.991002 
592 110 640 275 0 0.701188 
467 202 573 405 0 0.991368 
592 113 640 276 0 0.868558 
468 202 573 405 0 0.990996 
588 112 639 281 0 0.750739 
468 203 574 405 0 0.991779 
469 203 575 405 0 0.992416 
469 203 573 405 0 0.994278 
579 83 640 286 0 0.3913 
468 203 573 405 0 0.994559 
468 203 572 405 0 0.994947 
468 202 572 405 0 0.991275 
468 202 571 405 0 0.989263 
577 87 639 427 0 0.688704 
467 202 572 405 0 0.986839 
577 84 640 422 0 0.835452 
468 202 574 405 0 0.986648 
576 84 639 421 0 0.822977 
462 203 572 406 0 0.983914 
571 84 639 424 0 0.842546 
462 203 572 407 0 0.980813 
567 88 639 417 0 0.934043 
459 202 573 407 0 0.962917 
574 76 640 407 0 0.765049 
458 201 573 407 0 0.941137 
563 79 640 408 0 0.906461 
561 93 638 411 0 0.955667 
459 200 573 408 0 0.928266 
558 95 637 426 0 0.946403 
463 199 567 407 0 0.891195 
463 197 570 407 0 0.805674 
552 95 636 430 0 0.721765 
526 85 640 434 0 0.947414 
463 197 558 407 0 0.797895 
534 85 640 439 0 0.952841 
460 194 562 407 0 0.819886 
536 84 640 444 0 0.964162 
459 194 565 407 0 0.851817 
532 87 640 439 0 0.988563 
461 189 560 409 0 0.606655 
527 93 639 433 0 0.992503 
521 90 639 429 0 0.992609 
508 95 639 426 0 0.993961 
507 99 638 425 0 0.996111 
502 102 637 434 0 0.992259 
498 105 637 434 0 0.989816 
508 105 636 433 0 0.983274 
520 104 635 430 0 0.974616 
522 107 635 428 0 0.952199 
609 146 640 295 2 0.374134 
523 109 634 433 0 0.961501 
608 147 640 298 2 0.361312 
523 111 634 427 0 0.951108 
520 112 634 433 0 0.966368 
524 113 633 420 0 0.982826 
524 114 633 421 0 0.979723 
522 115 631 424 0 0.986366 
525 116 630 421 0 0.983619 
512 119 626 424 0 0.985293 
507 121 626 421 0 0.983528 
499 124 625 426 0 0.943711 
488 127 623 424 0 0.868801 
484 136 624 420 0 0.809317 
498 142 617 427 0 0.772215 
501 145 615 425 0 0.891592 
583 231 638 376 2 0.328145 
494 146 614 423 0 0.906398 
580 238 638 369 2 0.531966 
485 153 611 415 0 0.834497 
578 238 638 367 2 0.473113 
487 156 606 415 0 0.849589 
488 156 604 415 0 0.594705 
470 156 602 413 0 0.776862 
474 157 599 412 0 0.893846 
473 158 597 412 0 0.941652 
471 157 594 411 0 0.960488 
470 158 592 411 0 0.962707 
469 160 589 411 0 0.965174 
468 163 589 412 0 0.96372 
469 168 586 415 0 0.94702 
478 177 587 415 0 0.802493 
475 183 586 414 0 0.888723 
431 184 522 409 0 0.398347 
466 179 585 414 0 0.956731 
413 173 521 410 0 0.373119 
466 192 587 414 0 0.673971 
413 191 529 408 0 0.670461 
416 201 524 406 0 0.930031 
514 200 587 417 0 0.39109 
415 201 530 408 0 0.444987 
461 198 595 415 0 0.348319 
436 195 594 412 0 0.611109 
461 199 598 410 0 0.91482 
451 198 597 410 0 0.952746 
452 200 595 410 0 0.981122 
452 202 596 410 0 0.98946 
453 202 598 409 0 0.989398 
453 202 596 409 0 0.978225 
453 200 580 412 0 0.990072 
455 201 583 411 0 0.991413 
556 226 639 374 2 0.348514 
456 201 583 411 0 0.98919 
456 201 586 412 0 0.990339 
457 200 588 412 0 0.990507 
461 200 595 412 0 0.986583 
462 199 594 411 0 0.983612 
464 198 595 411 0 0.977413 
605 270 640 375 2 0.343667 
470 199 591 412 0 0.974283 
471 198 585 412 0 0.96824 
605 274 640 376 2 0.388294 
471 199 588 412 0 0.956011 
473 199 596 411 0 0.809899 
451 199 601 409 0 0.919477 
608 277 640 375 2 0.560837 
461 199 606 410 0 0.868115 
607 279 640 371 2 0.525691 
460 202 610 411 0 0.812121 
607 278 640 365 2 0.668962 
463 203 588 413 0 0.799467 
610 278 640 366 2 0.657768 
611 278 640 363 2 0.708212 
458 203 616 412 0 0.514647 
613 277 640 363 2 0.757362 
455 201 619 413 0 0.476483 
616 274 640 365 2 0.795953 
454 200 622 412 0 0.517593 
472 202 625 414 0 0.771996 
619 271 640 364 2 0.730486 
494 201 626 414 0 0.888668 
621 268 640 363 2 0.633769 
478 201 627 414 0 0.930084 
622 266 640 364 2 0.558976 
476 201 629 414 0 0.944044 
623 263 640 362 2 0.46192 
480 201 632 415 0 0.947583 
462 202 566 413 0 0.9878 
559 200 635 418 0 0.93951 
463 202 568 412 0 0.984904 
560 199 635 419 0 0.953695 
462 202 566 414 0 0.986675 
561 199 637 422 0 0.976303 
460 203 568 415 0 0.99096 
561 200 638 420 0 0.980863 
461 203 568 417 0 0.992442 
560 199 638 420 0 0.976996 
463 203 569 417 0 0.992615 
559 199 638 420 0 0.972788 
463 202 569 417 0 0.993105 
560 199 638 418 0 0.976863 
463 202 568 414 0 0.98863 
560 199 639 422 0 0.978322 
464 202 568 416 0 0.991122 
559 199 639 423 0 0.984392 
463 202 569 413 0 0.988153 
561 198 639 421 0 0.984161 
460 201 569 409 0 0.984483 
558 198 639 420 0 0.978696 
462 201 568 410 0 0.990833 
555 198 638 421 0 0.950609 
561 198 639 420 0 0.988039 
461 200 568 410 0 0.987588 
561 198 639 422 0 0.989771 
464 201 568 408 0 0.988882 
563 198 639 423 0 0.992161 
463 200 568 404 0 0.984375 
564 198 639 423 0 0.990256 
463 200 568 406 0 0.98304 
563 198 639 424 0 0.984422 
463 200 568 406 0 0.981216 
563 198 639 422 0 0.985458 
465 200 567 403 0 0.980692 
562 198 639 424 0 0.980842 
464 200 567 403 0 0.980452 
562 198 639 421 0 0.980936 
463 200 567 403 0 0.977262 
563 199 639 419 0 0.987131 
463 200 567 405 0 0.976666 
562 199 639 419 0 0.985686 
464 200 567 404 0 0.978678 
562 198 639 419 0 0.983202 
465 200 567 406 0 0.982506 
466 200 567 406 0 0.983475 
561 198 639 419 0 0.983388 
462 201 568 406 0 0.986409 
562 197 639 418 0 0.927445 
463 201 570 407 0 0.987848 
563 197 638 412 0 0.930812 
462 201 571 406 0 0.987516 
563 198 639 416 0 0.970686 
465 201 568 404 0 0.98737 
561 198 639 417 0 0.946507 
466 200 567 402 0 0.983207 
563 198 639 418 0 0.956759 
464 201 566 405 0 0.986259 
561 198 639 424 0 0.92551 
463 200 567 404 0 0.984348 
560 198 638 425 0 0.8835 
465 200 568 412 0 0.989903 
566 199 638 426 0 0.921027 
462 200 569 413 0 0.983965 
567 199 638 427 0 0.901725 
462 201 569 419 0 0.99393 
566 199 638 426 0 0.91097 
462 201 568 419 0 0.993822 
571 199 638 426 0 0.926464 
464 200 567 419 0 0.994585 
571 199 638 424 0 0.940088 
459 201 568 418 0 0.991287 
572 198 638 423 0 0.942687 
459 200 568 419 0 0.991034 
571 198 637 425 0 0.900622 
459 201 567 419 0 0.992409 
566 199 638 424 0 0.957722 
460 201 566 419 0 0.992885 
566 200 638 425 0 0.964538 
457 200 567 419 0 0.992872 
563 199 638 422 0 0.968734 
462 201 566 419 0 0.994312 
563 199 638 421 0 0.963952 
460 201 565 419 0 0.993981 
559 198 637 420 0 0.937361 
459 201 566 419 0 0.994151 
559 198 638 420 0 0.95739 
459 201 566 419 0 0.995131 
560 199 638 421 0 0.967397 
461 202 566 420 0 0.995891 
559 200 638 421 0 0.971533 
460 202 567 419 0 0.995492 
559 200 638 421 0 0.973893 
461 203 567 420 0 0.996066 
559 201 639 423 0 0.970457 
456 203 567 417 0 0.987556 
560 201 639 414 0 0.95619 
460 205 567 417 0 0.99217 
560 201 639 417 0 0.964677 
450 206 567 417 0 0.97812 
560 201 639 418 0 0.966649 
458 208 566 417 0 0.978424 
560 202 639 416 0 0.966181 
457 210 566 416 0 0.963496 
560 202 639 415 0 0.963044 
456 211 566 417 0 0.972742 
559 202 639 416 0 0.960562 
454 213 567 416 0 0.975573 
558 202 639 415 0 0.957123 
559 202 639 416 0 0.962032 
449 214 568 416 0 0.959529 
558 202 639 418 0 0.973778 
442 216 567 416 0 0.932192 
559 202 639 416 0 0.97133 
449 217 564 416 0 0.935266 
558 202 639 417 0 0.969938 
450 218 564 416 0 0.882933 
557 202 638 417 0 0.950203 
464 219 554 418 0 0.926656 
558 202 638 416 0 0.941698 
454 222 553 418 0 0.843369 
558 203 639 418 0 0.961176 
425 223 549 415 0 0.807792 
557 202 639 417 0 0.958652 
423 225 541 414 0 0.855487 
559 202 639 420 0 0.973508 
457 226 558 418 0 0.79172 
559 202 639 420 0 0.973921 
461 227 556 418 0 0.831701 
560 202 639 420 0 0.976773 
460 230 564 417 0 0.932937 
559 202 639 421 0 0.9758 
457 231 568 417 0 0.877983 
558 202 639 421 0 0.970763 
454 230 557 412 0 0.687082 
558 202 639 421 0 0.966788 
443 230 561 411 0 0.545594 
558 202 639 421 0 0.973193 
436 230 569 413 0 0.648251 
557 202 639 421 0 0.958122 
434 230 570 413 0 0.651608 
557 202 639 421 0 0.966503 
438 231 568 413 0 0.681613 
557 201 638 415 0 0.817444 
558 201 639 414 0 0.913074 
557 201 638 414 0 0.906684 
557 201 638 413 0 0.90872 
558 202 639 414 0 0.944279 
461 230 547 415 0 0.430894 
558 201 639 415 0 0.925094 
460 230 543 415 0 0.417303 
558 202 639 417 0 0.944008 
460 230 555 415 0 0.756449 
557 202 638 416 0 0.933976 
458 230 557 415 0 0.74039 
558 202 638 416 0 0.928689 
459 230 557 414 0 0.794239 
558 202 638 413 0 0.896944 
458 229 557 413 0 0.570807 
559 202 638 415 0 0.857275 
461 231 548 413 0 0.700575 
559 203 638 414 0 0.907705 
462 231 549 414 0 0.713971 
558 201 639 416 0 0.938984 
449 230 559 411 0 0.459768 
558 202 639 417 0 0.966442 
445 230 563 412 0 0.472078 
558 201 639 418 0 0.959331 
444 230 564 412 0 0.557562 
558 202 639 415 0 0.960752 
459 233 564 416 0 0.700703 
558 202 639 414 0 0.959721 
462 233 564 415 0 0.675954 
557 202 639 413 0 0.955396 
461 232 565 416 0 0.74066 
557 202 639 412 0 0.961482 
463 233 564 415 0 0.727901 
557 202 639 411 0 0.964463 
465 234 564 416 0 0.656862 
557 202 639 412 0 0.963619 
462 233 564 415 0 0.679043 
557 201 639 413 0 0.952707 
455 232 552 410 0 0.514568 
557 201 638 413 0 0.930379 
464 232 562 416 0 0.573477 
557 201 639 412 0 0.940831 
455 232 556 410 0 0.634249 
559 202 639 421 0 0.968234 
559 202 639 420 0 0.973981 
559 202 639 420 0 0.965526 
559 202 639 420 0 0.975521 
473 231 561 414 0 0.332772 
559 202 639 420 0 0.97456 
477 231 563 414 0 0.338261 
559 202 639 420 0 0.974609 
479 231 563 414 0 0.311838 
559 202 639 420 0 0.974374 
559 202 639 420 0 0.978639 
558 202 639 419 0 0.97506 
478 231 561 414 0 0.416635 
558 202 639 419 0 0.968062 
475 230 559 415 0 0.368245 
559 202 639 420 0 0.975684 
475 230 559 415 0 0.37638 
558 202 639 419 0 0.973253 
474 230 558 415 0 0.369233 
559 202 639 417 0 0.954325 
559 202 639 417 0 0.967523 
559 202 639 417 0 0.96615 
559 202 639 417 0 0.967591 
559 202 639 418 0 0.972216 
456 231 546 411 0 0.387455 
559 202 639 418 0 0.968847 
456 231 546 411 0 0.410019 
558 202 639 418 0 0.970172 
457 232 548 411 0 0.339869 
558 202 639 418 0 0.963757 
473 232 562 415 0 0.354856 
558 202 639 417 0 0.964698 
558 202 639 415 0 0.961977 
558 201 639 415 0 0.962632 
558 201 639 415 0 0.94767 
559 201 639 414 0 0.959997 
559 201 639 415 0 0.961821 
558 201 639 414 0 0.952677 
558 201 639 414 0 0.95079 
558 201 638 415 0 0.953834 
457 230 552 412 0 0.352328 
559 201 639 415 0 0.961007 
559 200 639 416 0 0.943368 
559 201 638 417 0 0.945817 
559 201 638 416 0 0.94702 
559 201 639 417 0 0.960025 
558 201 638 417 0 0.949933 
559 201 639 416 0 0.95485 
559 200 639 418 0 0.944204 
558 200 638 415 0 0.897776 
558 200 639 416 0 0.945965 
558 200 639 416 0 0.945066 
558 200 639 417 0 0.953851 
558 200 639 417 0 0.956118 
558 200 639 417 0 0.952937 
558 200 639 418 0 0.960191 
558 200 639 418 0 0.964882 
559 200 639 417 0 0.96393 
558 200 639 417 0 0.962169 
558 200 639 417 0 0.959873 
558 200 639 418 0 0.937495 
557 200 638 417 0 0.923899 
556 200 638 418 0 0.926544 
556 198 640 422 0 0.903416 
556 200 638 417 0 0.919848 
555 198 639 422 0 0.893592 
557 199 640 423 0 0.937895 
556 200 638 416 0 0.926799 
556 200 638 417 0 0.917795 
556 200 638 416 0 0.916192 
556 200 638 416 0 0.926546 
556 200 638 416 0 0.924929 
559 201 639 418 0 0.959766 
558 201 639 418 0 0.947787 
557 201 639 419 0 0.951181 
558 202 639 419 0 0.958712 
557 201 639 417 0 0.953078 
557 202 639 418 0 0.957796 
558 201 639 417 0 0.960504 
558 201 639 416 0 0.952585 
559 201 639 417 0 0.959638 
559 201 639 417 0 0.960777 
559 201 639 418 0 0.965892 
559 201 639 418 0 0.967557 
558 202 639 420 0 0.958785 
558 201 639 420 0 0.955186 
558 201 639 420 0 0.951202 
558 201 639 421 0 0.960978 
558 201 639 421 0 0.96119 
558 201 639 422 0 0.967098 
557 201 639 422 0 0.9656 
557 201 639 422 0 0.966796 
557 201 639 420 0 0.96132 
557 201 639 419 0 0.957282 
557 201 639 419 0 0.960806 
557 201 639 419 0 0.963348 
559 202 639 421 0 0.976269 
559 202 639 421 0 0.972171 
559 202 639 421 0 0.977839 
559 202 639 422 0 0.976626 
559 202 639 422 0 0.978377 
559 202 639 422 0 0.980071 
559 202 639 422 0 0.97928 
559 202 639 423 0 0.98159 
558 202 639 422 0 0.979037 
558 202 639 422 0 0.97718 
559 202 639 422 0 0.974662 
559 202 639 422 0 0.972665 
557 202 639 420 0 0.965023 
557 202 639 421 0 0.975488 
556 202 639 421 0 0.97024 
557 202 639 421 0 0.967411 
556 202 639 421 0 0.966342 
556 202 639 421 0 0.967918 
556 202 639 421 0 0.963839 
556 203 639 422 0 0.968862 
556 203 639 422 0 0.969622 
556 202 639 421 0 0.970033 
556 202 639 422 0 0.972147 
556 202 639 421 0 0.972924 
559 202 639 417 0 0.963838 
560 202 639 419 0 0.974172 
559 202 639 418 0 0.968464 
559 202 639 418 0 0.968703 
559 202 639 417 0 0.963656 
559 202 639 418 0 0.969177 
559 202 639 418 0 0.966675 
559 202 639 418 0 0.970343 
558 202 639 418 0 0.970036 
558 202 639 418 0 0.968772 
558 202 639 418 0 0.970679 
558 202 639 419 0 0.970295 
557 202 639 421 0 0.977926 
557 202 639 421 0 0.980447 
557 202 639 420 0 0.973181 
557 202 639 420 0 0.977252 
557 202 639 420 0 0.972727 
557 202 639 420 0 0.973149 
557 202 639 420 0 0.976989 
557 202 639 420 0 0.972933 
556 202 639 419 0 0.964615 
556 202 639 420 0 0.966016 
556 202 639 419 0 0.955946 
556 203 639 421 0 0.976149 
557 202 639 419 0 0.967134 
556 202 639 419 0 0.961911 
557 202 639 419 0 0.975451 
557 202 639 420 0 0.977454 
558 202 639 420 0 0.977315 
558 202 639 420 0 0.977101 
557 202 639 419 0 0.974808 
557 202 639 419 0 0.973185 
557 202 639 419 0 0.973653 
557 202 639 419 0 0.974056 
557 202 639 419 0 0.973744 
557 202 639 418 0 0.970502 
557 202 639 417 0 0.961295 
558 203 639 419 0 0.98011 
558 203 639 420 0 0.982915 
430 227 522 413 0 0.42471 
558 203 639 420 0 0.982089 
432 227 521 413 0 0.315706 
558 203 639 420 0 0.981194 
558 203 639 420 0 0.978201 
558 203 639 419 0 0.978425 
558 203 639 421 0 0.979763 
558 203 639 421 0 0.979786 
558 203 639 420 0 0.979918 
558 203 639 420 0 0.979954 
439 229 524 413 0 0.305878 
558 203 639 419 0 0.979821 
556 200 640 422 0 0.935365 
556 200 640 421 0 0.93799 
556 200 640 422 0 0.95486 
555 200 640 422 0 0.949699 
554 200 640 421 0 0.95235 
553 200 640 422 0 0.945155 
553 200 640 422 0 0.949363 
553 200 640 422 0 0.954195 
553 200 640 422 0 0.952169 
553 199 640 423 0 0.953343 
554 200 640 423 0 0.956673 
554 200 640 422 0 0.95905 
557 201 639 418 0 0.945332 
556 201 639 417 0 0.939574 
558 202 639 420 0 0.969573 
556 202 639 419 0 0.955948 
557 202 639 419 0 0.969823 
557 201 640 421 0 0.952357 
558 202 639 419 0 0.962404 
557 202 639 418 0 0.961813 
559 202 639 419 0 0.973251 
558 202 639 419 0 0.972239 
558 202 639 419 0 0.971229 
558 202 639 420 0 0.976901 
555 200 640 421 0 0.924657 
554 200 640 420 0 0.935158 
555 200 640 422 0 0.94141 
555 199 640 422 0 0.920998 
554 200 640 421 0 0.917902 
555 200 640 421 0 0.927029 
555 200 640 421 0 0.917853 
555 199 640 421 0 0.91226 
555 199 640 421 0 0.918936 
555 199 640 422 0 0.921371 
555 199 640 421 0 0.915215 
556 202 638 418 0 0.928086 
556 202 639 421 0 0.951335 
555 202 639 421 0 0.958145 
555 200 640 424 0 0.959684 
555 199 640 424 0 0.962205 
554 199 640 423 0 0.955174 
556 200 640 424 0 0.967084 
556 202 639 422 0 0.97245 
556 202 639 421 0 0.972725 
554 200 640 423 0 0.966481 
554 201 640 422 0 0.967605 
555 201 640 422 0 0.969646 
555 201 640 423 0 0.970388 
555 203 639 418 0 0.96827 
554 202 638 417 0 0.947934 
555 203 638 418 0 0.960932 
554 201 640 421 0 0.958757 
555 202 639 418 0 0.962735 
555 203 639 419 0 0.970255 
555 203 639 419 0 0.969754 
555 203 639 419 0 0.969179 
554 202 639 418 0 0.963537 
555 202 639 418 0 0.972795 
555 202 639 418 0 0.970662 
555 202 639 418 0 0.969163 
556 202 639 419 0 0.948444 
556 201 640 421 0 0.96108 
556 202 640 421 0 0.966016 
557 202 640 421 0 0.964153 
557 201 640 421 0 0.960008 
556 201 640 421 0 0.951144 
556 201 640 420 0 0.941814 
556 201 640 421 0 0.946057 
555 201 640 421 0 0.947867 
557 202 640 421 0 0.961225 
556 201 639 421 0 0.952118 
556 200 639 421 0 0.953362 
556 199 640 421 0 0.944089 
555 198 640 421 0 0.927211 
557 200 640 421 0 0.959724 
556 200 640 421 0 0.952207 
557 200 640 421 0 0.957316 
555 200 640 420 0 0.941371 
555 199 640 420 0 0.934795 
555 199 640 421 0 0.93933 
554 199 640 421 0 0.946625 
555 199 640 422 0 0.951687 
554 201 640 420 0 0.96618 
557 201 640 421 0 0.967106 
557 202 638 418 0 0.919775 
556 198 639 421 0 0.909929 
557 198 640 421 0 0.933138 
557 200 640 422 0 0.969918 
557 199 640 422 0 0.958081 
556 198 640 423 0 0.947836 
557 198 639 423 0 0.931253 
555 198 639 422 0 0.936052 
556 198 639 422 0 0.930825 
554 198 640 422 0 0.936588 
555 198 639 423 0 0.925323 
554 198 639 423 0 0.923108 
558 202 639 421 0 0.959315 
555 200 640 421 0 0.936745 
555 200 640 421 0 0.943873 
556 202 638 420 0 0.937956 
557 202 639 421 0 0.960309 
557 202 638 420 0 0.955409 
556 202 638 420 0 0.955371 
557 202 638 420 0 0.948825 
557 202 638 420 0 0.948276 
557 202 638 420 0 0.942368 
556 199 640 421 0 0.909947 
557 202 638 420 0 0.925401 
554 199 640 420 0 0.886028 
554 200 640 419 0 0.906994 
553 199 640 421 0 0.876954 
553 198 640 421 0 0.847838 
552 198 640 421 0 0.849033 
552 198 640 421 0 0.84847 
554 199 640 422 0 0.922234 
554 199 640 421 0 0.92365 
553 199 640 421 0 0.904849 
552 198 640 422 0 0.817406 
553 199 640 421 0 0.895538 
553 199 640 421 0 0.891664 
557 201 640 421 0 0.951241 
556 200 640 420 0 0.934335 
556 201 640 419 0 0.926618 
556 202 638 417 0 0.940501 
556 201 640 419 0 0.951366 
555 201 640 420 0 0.951988 
555 201 640 420 0 0.955567 
556 201 640 421 0 0.959606 
556 202 639 419 0 0.967145 
558 202 640 422 0 0.974238 
557 202 639 420 0 0.970778 
556 202 639 419 0 0.961415 
555 200 640 420 0 0.944453 
555 200 640 421 0 0.953824 
554 201 640 421 0 0.951036 
554 201 639 421 0 0.962875 
554 200 640 422 0 0.963885 
556 201 639 422 0 0.968951 
556 201 640 422 0 0.97455 
555 201 640 422 0 0.974868 
556 201 640 422 0 0.970009 
556 201 639 422 0 0.969923 
556 201 640 422 0 0.971116 
556 201 639 422 0 0.970561 
554 203 640 421 0 0.974553 
554 203 640 422 0 0.978933 
553 202 640 422 0 0.969851 
553 202 640 422 0 0.964395 
552 203 640 421 0 0.947343 
553 203 640 421 0 0.969941 
554 204 640 421 0 0.976612 
554 204 640 421 0 0.97507 
555 204 640 422 0 0.977706 
554 204 640 421 0 0.97838 
554 204 640 421 0 0.977361 
555 204 640 422 0 0.980456 
557 201 640 423 0 0.978843 
556 201 640 422 0 0.973747 
556 201 640 423 0 0.97275 
556 201 640 423 0 0.976245 
557 201 640 423 0 0.971633 
556 201 640 423 0 0.973127 
556 201 640 422 0 0.976553 
557 201 640 422 0 0.975238 
556 201 640 423 0 0.966468 
557 202 640 423 0 0.980239 
559 203 639 421 0 0.985474 
560 203 640 425 0 0.986329 
554 200 640 422 0 0.958787 
555 201 640 421 0 0.965463 
553 200 640 422 0 0.95392 
554 200 640 422 0 0.955189 
553 200 640 422 0 0.94401 
553 200 640 422 0 0.945865 
553 200 640 422 0 0.940977 
553 200 640 422 0 0.938542 
553 200 640 422 0 0.946155 
552 199 640 421 0 0.934502 
553 200 640 422 0 0.954287 
553 200 640 422 0 0.948375 
556 201 640 422 0 0.960774 
556 201 640 422 0 0.957871 
556 201 640 422 0 0.96848 
556 201 640 422 0 0.965393 
557 201 640 422 0 0.964811 
557 201 640 421 0 0.965569 
556 201 640 422 0 0.965362 
555 200 640 422 0 0.957682 
555 201 640 422 0 0.960202 
556 201 640 422 0 0.968296 
556 200 640 422 0 0.968499 
556 200 640 422 0 0.971926 
556 199 640 422 0 0.957998 
554 199 640 422 0 0.923008 
553 200 640 422 0 0.932397 
553 200 640 422 0 0.931185 
554 200 640 422 0 0.942191 
553 199 640 422 0 0.921162 
554 200 640 422 0 0.925311 
553 199 640 422 0 0.908179 
552 199 639 422 0 0.856136 
553 199 639 422 0 0.891337 
553 200 639 423 0 0.883978 
554 199 639 423 0 0.909076 
555 202 640 420 0 0.963568 
554 202 640 421 0 0.96953 
555 201 640 422 0 0.968131 
556 202 639 421 0 0.968882 
554 202 640 421 0 0.968982 
553 201 640 421 0 0.962958 
553 201 640 422 0 0.961968 
553 201 640 421 0 0.964996 
553 201 640 422 0 0.962206 
552 201 640 422 0 0.960889 
552 201 640 422 0 0.960621 
552 201 640 422 0 0.960234 
559 202 640 422 0 0.971788 
557 202 640 421 0 0.959842 
558 201 640 422 0 0.961464 
557 201 640 422 0 0.960044 
558 201 640 422 0 0.962453 
557 201 640 422 0 0.96227 
557 201 640 421 0 0.960316 
557 201 639 422 0 0.954759 
557 201 640 421 0 0.953026 
557 201 639 421 0 0.946857 
557 201 640 422 0 0.956946 
558 201 640 421 0 0.95214 
557 201 640 420 0 0.944424 
555 201 640 420 0 0.932554 
553 201 640 420 0 0.949016 
553 201 640 419 0 0.92765 
552 201 640 420 0 0.937343 
552 201 640 420 0 0.942187 
552 201 640 420 0 0.938082 
552 200 640 421 0 0.939215 
552 200 640 421 0 0.942406 
553 201 640 421 0 0.94944 
553 201 640 421 0 0.9484 
553 201 640 421 0 0.948918 
555 202 640 421 0 0.970685 
555 202 640 420 0 0.964526 
554 202 640 419 0 0.952309 
555 202 640 420 0 0.957616 
554 201 639 420 0 0.951537 
554 201 639 420 0 0.951369 
555 201 639 420 0 0.9508 
554 200 639 421 0 0.945649 
554 200 639 421 0 0.932333 
555 201 639 421 0 0.942424 
556 202 640 420 0 0.944024 
556 201 639 421 0 0.941921 
552 201 640 421 0 0.961878 
551 201 640 422 0 0.967584 
460 229 533 416 0 0.362538 
552 201 640 422 0 0.967614 
551 201 640 422 0 0.964879 
462 229 532 416 0 0.371037 
551 201 640 423 0 0.971018 
461 229 533 416 0 0.396995 
552 201 640 423 0 0.970613 
461 228 533 416 0 0.366486 
553 201 640 422 0 0.967608 
462 229 533 416 0 0.376443 
553 201 640 423 0 0.967331 
553 201 640 423 0 0.968365 
462 227 533 416 0 0.362692 
553 201 640 423 0 0.967015 
462 227 533 416 0 0.323647 
553 201 640 423 0 0.966003 
462 227 533 416 0 0.376629 
552 201 640 423 0 0.966444 
557 202 640 423 0 0.978714 
557 202 640 423 0 0.981226 
556 202 640 422 0 0.9787 
556 202 640 422 0 0.974145 
557 202 640 422 0 0.975316 
554 201 640 422 0 0.936321 
556 201 640 422 0 0.96771 
554 201 640 422 0 0.95438 
556 201 640 422 0 0.968634 
554 201 640 422 0 0.959999 
555 201 640 422 0 0.9684 
555 202 640 422 0 0.976779 
558 202 640 422 0 0.978873 
558 203 640 422 0 0.977878 
557 202 640 422 0 0.977762 
556 202 640 421 0 0.972059 
555 203 640 421 0 0.976233 
556 203 640 421 0 0.977517 
556 203 640 421 0 0.973918 
556 203 640 421 0 0.975777 
555 203 640 421 0 0.97289 
555 203 640 421 0 0.970242 
556 203 640 421 0 0.976179 
556 203 640 421 0 0.975733 
557 203 640 423 0 0.972224 
556 203 640 423 0 0.97939 
461 221 538 416 0 0.3366 
555 202 640 423 0 0.97169 
554 202 640 424 0 0.971011 
462 224 539 417 0 0.306281 
553 202 640 423 0 0.973367 
553 202 640 424 0 0.975192 
461 223 540 417 0 0.343243 
554 203 640 424 0 0.981244 
424 223 544 409 0 0.605301 
554 202 640 424 0 0.979736 
424 222 545 409 0 0.726429 
553 202 640 423 0 0.97897 
425 221 545 410 0 0.647978 
554 202 640 424 0 0.980544 
425 221 542 410 0 0.598654 
554 202 640 424 0 0.980319 
425 221 542 410 0 0.552544 
554 202 640 424 0 0.979701 
425 221 543 410 0 0.601485 
555 203 638 420 0 0.968141 
447 220 552 414 0 0.398022 
554 204 638 419 0 0.967309 
448 221 553 414 0 0.5545 
551 201 640 422 0 0.970238 
454 221 553 415 0 0.639105 
552 201 640 422 0 0.975074 
455 221 552 414 0 0.60266 
551 202 640 422 0 0.973331 
456 221 553 414 0 0.676452 
552 202 640 422 0 0.973361 
455 221 554 414 0 0.663308 
551 202 640 422 0 0.969326 
458 221 554 415 0 0.778979 
551 202 640 422 0 0.968792 
462 221 552 415 0 0.82595 
553 202 640 422 0 0.972876 
463 221 549 416 0 0.799527 
553 202 640 423 0 0.974221 
461 221 552 416 0 0.799712 
552 202 640 423 0 0.974429 
468 221 551 416 0 0.93277 
551 202 640 423 0 0.968701 
463 222 550 417 0 0.832681 
554 204 638 420 0 0.967134 
464 220 551 416 0 0.917933 
554 204 638 420 0 0.95778 
462 221 552 416 0 0.898916 
550 203 640 421 0 0.946796 
460 222 553 416 0 0.886419 
465 223 551 416 0 0.960273 
551 202 639 421 0 0.940624 
463 227 559 415 0 0.9647 
550 202 639 421 0 0.941126 
460 230 560 414 0 0.919647 
550 203 639 420 0 0.909908 
550 203 639 419 0 0.883851 
454 239 556 411 0 0.809582 
550 203 640 419 0 0.888438 
453 249 555 401 0 0.365214 
551 203 640 419 0 0.933685 
549 203 639 420 0 0.876955 
549 204 640 420 0 0.946766 
548 204 640 420 0 0.944404 
422 263 546 408 0 0.454752 
550 204 640 420 0 0.958411 
547 205 640 420 0 0.917985 
550 204 638 421 0 0.854721 
546 206 640 420 0 0.738966 
546 207 640 420 0 0.883601 
439 272 496 398 0 0.508903 
547 209 640 419 0 0.912558 
438 272 495 402 0 0.557736 
548 210 640 419 0 0.977201 
437 271 493 400 0 0.48674 
481 272 554 413 0 0.399132 
545 211 640 420 0 0.929406 
434 271 486 398 0 0.734446 
546 211 640 420 0 0.921247 
435 270 487 399 0 0.845837 
489 270 557 413 0 0.307731 
544 212 640 421 0 0.709233 
435 260 487 395 0 0.492441 
432 260 484 393 0 0.872604 
545 212 640 421 0 0.594634 
483 267 560 414 0 0.897497 
548 212 640 421 0 0.880746 
430 258 487 394 0 0.868442 
550 211 640 424 0 0.87449 
425 246 489 401 0 0.782262 
419 244 491 399 0 0.910393 
551 212 639 424 0 0.884963 
519 208 640 418 0 0.901032 
407 238 500 406 0 0.728255 
408 234 510 406 0 0.914958 
548 208 640 423 0 0.790446 
407 229 510 406 0 0.906026 
510 209 640 418 0 0.86862 
405 226 515 408 0 0.828472 
512 210 640 419 0 0.750039 
548 209 639 423 0 0.736993 
548 209 639 422 0 0.838251 
483 234 567 415 0 0.60409 
419 224 497 410 0 0.474138 
548 207 640 422 0 0.790416 
550 206 640 422 0 0.896775 
551 208 638 422 0 0.69285 
429 208 500 310 0 0.609774 
470 228 563 416 0 0.365081 
553 208 638 422 0 0.840077 
425 204 503 306 0 0.403086 
460 213 563 417 0 0.301177 
527 204 640 421 0 0.852956 
457 204 561 417 0 0.739165 
531 205 640 421 0 0.844361 
468 205 560 417 0 0.844006 
480 204 560 419 0 0.920927 
530 205 640 421 0 0.743233 
421 194 540 415 0 0.394715 
550 209 638 424 0 0.737582 
412 191 555 414 0 0.712348 
450 200 556 420 0 0.839359 
533 206 640 422 0 0.827022 
623 241 640 288 0 0.333471 
533 206 640 421 0 0.861482 
411 189 555 413 0 0.65619 
534 208 640 419 0 0.90738 
443 188 552 415 0 0.728066 
459 196 549 413 0 0.973021 
535 208 640 421 0 0.873067 
458 188 547 415 0 0.937951 
536 208 640 420 0 0.849152 
457 183 543 415 0 0.963446 
536 210 640 418 0 0.909175 
457 180 540 414 0 0.971968 
535 209 640 420 0 0.831635 
455 174 540 413 0 0.959868 
535 209 640 419 0 0.825365 
455 172 537 409 0 0.87299 
535 208 640 417 0 0.848319 
539 204 638 416 0 0.807649 
455 169 537 409 0 0.790613 
537 204 639 416 0 0.90924 
448 154 533 390 0 0.680743 
437 150 532 393 0 0.949474 
533 203 640 414 0 0.911648 
425 145 532 397 0 0.983531 
533 202 640 411 0 0.851833 
418 147 524 401 0 0.976327 
531 202 640 408 0 0.874111 
419 145 523 400 0 0.987287 
533 201 640 411 0 0.923037 
413 145 520 397 0 0.985165 
528 201 640 413 0 0.935369 
409 144 514 401 0 0.986688 
529 201 640 413 0 0.829611 
406 137 516 408 0 0.987909 
523 201 640 413 0 0.91946 
405 142 516 401 0 0.987361 
537 200 640 414 0 0.773915 
406 141 513 403 0 0.983271 
538 200 639 413 0 0.731528 
394 136 512 406 0 0.970509 
524 203 638 412 0 0.951691 
530 202 638 412 0 0.969449 
373 136 521 408 0 0.846473 
527 202 637 412 0 0.986963 
373 134 520 407 0 0.700215 
518 203 637 412 0 0.989939 
367 132 507 407 0 0.944137 
513 203 636 413 0 0.990401 
373 129 505 407 0 0.875308 
513 203 634 415 0 0.994864 
382 129 484 404 0 0.871524 
512 203 632 416 0 0.992665 
372 128 471 404 0 0.972236 
509 202 630 416 0 0.99002 
366 127 468 406 0 0.980824 
360 127 465 408 0 0.989876 
501 201 630 415 0 0.987071 
620 267 640 362 2 0.353207 
354 127 456 407 0 0.984763 
492 202 627 415 0 0.978948 
620 270 640 361 2 0.46609 
364 126 450 406 0 0.978653 
490 202 626 415 0 0.966916 
619 272 640 359 2 0.488877 
484 202 624 415 0 0.955688 
356 128 449 408 0 0.92148 
617 272 640 359 2 0.537261 
478 204 624 415 0 0.967361 
351 125 449 410 0 0.782802 
615 269 640 357 2 0.489699 
478 204 624 416 0 0.960475 
330 124 449 411 0 0.718356 
614 271 640 355 2 0.593186 
477 205 623 416 0 0.958663 
329 124 442 412 0 0.943706 
612 274 640 353 2 0.705647 
337 125 435 409 0 0.973995 
477 209 626 412 0 0.937806 
610 275 640 353 2 0.725688 
336 122 425 412 0 0.985952 
606 277 640 360 2 0.832337 
475 210 619 416 0 0.74661 
332 123 412 410 0 0.962252 
470 209 602 414 0 0.876351 
604 277 640 359 2 0.828842 
316 121 409 410 0 0.942326 
471 211 598 414 0 0.858678 
605 278 640 361 2 0.812854 
323 120 401 414 0 0.981273 
472 215 577 415 0 0.959264 
607 278 640 362 2 0.50187 
528 226 624 413 0 0.331119 
474 215 572 415 0 0.958661 
315 116 394 409 0 0.934654 
604 279 640 373 2 0.41912 
527 226 623 414 0 0.376016 
475 217 578 415 0 0.840348 
314 118 384 373 0 0.780348 
504 229 616 417 0 0.372197 
474 219 585 413 0 0.795219 
305 110 377 405 0 0.419779 
286 110 378 408 0 0.914457 
468 217 581 414 0 0.79974 
279 111 380 407 0 0.974657 
457 214 581 414 0 0.912868 
272 111 380 412 0 0.980024 
451 213 591 415 0 0.90577 
262 112 379 406 0 0.970775 
458 209 600 415 0 0.928357 
257 113 375 410 0 0.983131 
449 206 598 416 0 0.710693 
244 115 373 416 0 0.981093 
437 200 601 414 0 0.914732 
247 117 369 417 0 0.985269 
444 198 596 415 0 0.695901 
250 116 369 420 0 0.98741 
463 192 602 415 0 0.817544 
425 188 536 407 0 0.315634 
248 111 363 419 0 0.981242 
474 190 596 415 0 0.792507 
460 179 589 413 0 0.977451 
241 109 356 424 0 0.668922 
460 174 586 413 0 0.986048 
237 107 344 426 0 0.85032 
467 175 583 412 0 0.989568 
236 104 339 425 0 0.97546 
465 169 579 414 0 0.983106 
234 104 316 427 0 0.845817 
464 166 579 412 0 0.971106 
231 106 314 427 0 0.922466 
466 164 575 410 0 0.937341 
226 103 313 429 0 0.775482 
464 158 571 415 0 0.884799 
292 250 316 308 0 0.85331 
466 158 569 415 0 0.91052 
213 100 311 436 0 0.816964 
292 247 316 310 0 0.747384 
450 152 568 419 0 0.746029 
292 247 317 311 0 0.701714 
213 96 306 439 0 0.70169 
209 91 306 436 0 0.715979 
425 143 569 413 0 0.668906 
292 248 317 310 0 0.647225 
202 92 308 432 0 0.861964 
426 143 565 411 0 0.655068 
437 143 561 412 0 0.864893 
191 93 307 438 0 0.613584 
178 99 300 447 0 0.934799 
433 140 563 415 0 0.769043 
178 93 293 453 0 0.965569 
441 137 560 416 0 0.87372 
165 92 283 456 0 0.983879 
429 132 537 412 0 0.958399 
430 134 530 414 0 0.989084 
152 85 268 463 0 0.8352 
424 131 523 414 0 0.987337 
149 85 259 461 0 0.903306 
423 128 516 413 0 0.982326 
148 87 239 448 0 0.638293 
421 128 508 414 0 0.987513 
128 89 238 456 0 0.909552 
411 127 503 411 0 0.985125 
410 128 498 413 0 0.967353 
413 129 492 416 0 0.862682 
101 96 218 446 0 0.380176 
388 127 485 412 0 0.985736 
94 93 219 449 0 0.743443 
384 129 486 416 0 0.989409 
92 86 217 460 0 0.670001 
387 129 483 415 0 0.98686 
79 77 204 472 0 0.354227 
389 128 478 414 0 0.971878 
86 87 200 457 0 0.576074 
377 129 479 415 0 0.973919 
79 81 197 465 0 0.81474 
370 129 481 415 0 0.975376 
374 127 474 410 0 0.983447 
371 128 466 412 0 0.987148 
367 128 466 414 0 0.989431 
366 128 462 414 0 0.991814 
57 120 164 474 0 0.310941 
366 131 455 418 0 0.98595 
365 134 452 417 0 0.97079 
361 133 457 416 0 0.984991 
355 133 449 405 0 0.988119 
353 134 447 406 0 0.98209 
351 136 442 405 0 0.955877 
350 134 441 403 0 0.864122 
347 135 444 409 0 0.800134 
18 208 118 489 0 0.349466 
336 127 440 405 0 0.986795 
17 211 117 488 0 0.76467 
334 127 435 409 0 0.992978 
15 220 117 485 0 0.830758 
334 127 435 411 0 0.994092 
330 125 424 413 0 0.988448 
10 103 111 487 0 0.304129 
328 123 420 410 0 0.985825 
326 122 416 414 0 0.990027 
323 119 418 416 0 0.982853 
369 152 409 206 0 0.360503 
319 119 413 413 0 0.989597 
317 118 409 418 0 0.989875 
314 115 406 414 0 0.983662 
0 121 76 493 0 0.615804 
312 115 404 413 0 0.99133 
2 116 78 501 0 0.412865 
310 115 403 413 0 0.992826 
2 121 75 496 0 0.486035 
307 114 400 413 0 0.993932 
302 115 397 415 0 0.98752 
3 207 74 498 0 0.870284 
299 116 396 417 0 0.979695 
1 214 66 491 0 0.917089 
299 117 395 413 0 0.931306 
294 108 392 427 0 0.87509 
290 108 392 430 0 0.968666 
288 107 393 430 0 0.98335 
285 107 393 431 0 0.988755 
282 108 393 431 0 0.990311 
279 107 390 430 0 0.991651 
276 106 391 431 0 0.99397 
272 104 390 431 0 0.995795 
270 104 386 434 0 0.993943 
267 101 386 436 0 0.994488 
264 102 387 436 0 0.994947 
262 100 387 436 0 0.995708 
260 100 385 440 0 0.994621 
261 100 388 439 0 0.995654 
263 99 388 441 0 0.994783 
265 97 390 440 0 0.993885 
269 97 391 439 0 0.992367 
275 95 394 439 0 0.99167 
278 92 396 441 0 0.988621 
277 92 400 440 0 0.988988 
281 85 402 442 0 0.968296 
281 83 403 445 0 0.94974 
282 82 403 451 0 0.885559 
290 87 406 443 0 0.7819 
291 88 408 445 0 0.832262 
295 88 407 446 0 0.828409 
310 83 406 456 0 0.858549 
312 84 410 457 0 0.908305 
296 80 417 461 0 0.960271 
294 78 420 463 0 0.972911 
299 76 418 464 0 0.925516 
302 77 417 464 0 0.921556 
299 84 415 457 0 0.827706 
299 78 418 466 0 0.906933 
294 74 416 464 0 0.941439 
308 74 412 459 0 0.79167 
311 75 414 460 0 0.690863 
292 70 418 466 0 0.879627 
292 67 420 470 0 0.914293 
328 66 425 468 0 0.552083 
312 58 430 471 0 0.505486 
298 56 431 474 0 0.665751 
296 56 435 472 0 0.846403 
296 55 440 476 0 0.771133 
303 52 439 477 0 0.645958 
303 53 443 483 0 0.786787 
312 51 450 477 0 0.747805 
326 64 441 477 0 0.316371 
339 70 469 470 0 0.392853 
575 236 640 401 2 0.312227 
581 208 640 418 2 0.305182 
585 206 640 426 2 0.383465 
615 255 640 382 2 0.589729 
621 260 640 380 2 0.493958 
544 276 626 363 2 0.892242 
542 273 635 370 2 0.532634 
541 276 636 367 2 0.439971 
