397 142 454 336 0 0.386453 
395 144 455 335 0 0.851719 
393 146 455 334 0 0.91719 
391 147 454 335 0 0.857789 
389 146 455 335 0 0.940281 
389 146 452 337 0 0.951376 
387 146 452 338 0 0.92473 
387 147 451 338 0 0.943864 
386 147 452 338 0 0.934347 
384 146 452 337 0 0.809424 
386 143 449 331 0 0.552028 
376 146 450 338 0 0.89508 
374 145 449 340 0 0.851831 
372 147 449 339 0 0.950137 
371 148 448 339 0 0.962953 
375 148 447 340 0 0.959113 
376 148 447 338 0 0.970944 
374 147 446 337 0 0.949475 
373 146 444 338 0 0.963813 
370 145 441 337 0 0.933048 
369 140 434 337 0 0.832692 
369 140 427 338 0 0.717946 
369 248 415 336 0 0.67571 
355 141 405 340 0 0.419169 
352 142 404 342 0 0.698613 
352 250 399 342 0 0.393305 
352 143 399 341 0 0.468796 
349 142 398 340 0 0.812742 
308 257 314 266 0 0.325313 
348 141 398 340 0 0.498983 
308 256 315 266 0 0.458157 
308 256 315 266 0 0.492232 
330 256 338 267 0 0.341602 
308 257 314 266 0 0.365103 
330 256 338 267 0 0.669954 
308 257 314 266 0 0.465307 
308 257 314 266 0 0.440496 
330 256 337 267 0 0.414512 
324 133 391 346 0 0.557984 
308 257 314 266 0 0.397198 
308 257 314 266 0 0.395109 
322 134 388 338 0 0.353111 
308 257 314 266 0 0.326147 
308 135 387 344 0 0.746495 
308 257 314 266 0 0.476523 
319 137 381 337 0 0.375974 
318 133 381 347 0 0.361524 
312 133 380 346 0 0.608515 
304 244 352 349 0 0.783286 
305 244 348 349 0 0.707677 
303 243 343 349 0 0.528304 
303 240 341 349 0 0.358233 
293 219 338 350 0 0.595348 
289 219 338 350 0 0.436413 
283 219 334 352 0 0.394309 
281 220 333 350 0 0.706378 
277 219 332 351 0 0.703823 
307 256 316 267 0 0.423705 
234 237 288 351 0 0.370733 
308 257 314 266 0 0.312326 
308 257 314 266 0 0.302885 
194 236 234 363 0 0.695194 
190 239 232 359 0 0.535182 
186 241 217 358 0 0.500645 
185 241 215 360 0 0.528666 
182 243 209 358 0 0.600348 
183 242 209 360 0 0.554918 
182 240 208 360 0 0.753595 
164 103 237 371 0 0.319718 
182 240 207 359 0 0.705693 
182 242 208 359 0 0.471933 
177 132 244 365 0 0.32757 
179 133 244 365 0 0.374312 
231 265 426 347 2 0.353385 
200 239 212 269 0 0.429146 
212 234 256 364 0 0.46511 
209 234 262 363 0 0.377341 
213 237 265 363 0 0.399877 
214 230 267 364 0 0.743732 
216 238 263 363 0 0.39752 
216 239 262 363 0 0.315728 
330 256 337 266 0 0.3108 
330 256 337 266 0 0.446866 
308 257 314 266 0 0.312481 
226 237 263 364 0 0.379541 
208 240 258 357 0 0.530193 
200 239 264 359 0 0.842239 
195 239 267 360 0 0.855261 
190 229 268 365 0 0.710248 
193 230 267 366 0 0.766418 
190 227 268 365 0 0.942033 
192 235 268 365 0 0.398375 
193 233 267 367 0 0.660162 
193 233 267 365 0 0.77022 
240 264 432 341 2 0.380445 
187 235 255 366 0 0.75713 
181 234 254 364 0 0.973215 
179 225 247 362 0 0.974937 
180 227 239 360 0 0.823499 
179 225 235 361 0 0.481591 
308 257 315 266 0 0.399763 
330 256 337 266 0 0.371359 
308 257 315 266 0 0.376382 
165 128 231 371 0 0.364104 
308 256 315 266 0 0.366077 
308 256 315 266 0 0.432599 
330 257 338 267 0 0.311563 
330 257 337 266 0 0.305057 
330 257 337 267 0 0.325914 
330 257 337 267 0 0.33265 
330 257 337 267 0 0.336915 
308 256 315 266 0 0.309769 
308 256 315 266 0 0.303359 
308 256 315 266 0 0.305871 
308 256 315 266 0 0.302148 
308 256 315 266 0 0.311283 
308 256 315 266 0 0.324083 
308 256 315 266 0 0.356298 
308 256 315 266 0 0.308165 
308 256 315 266 0 0.323928 
308 256 315 266 0 0.353773 
330 256 337 266 0 0.311214 
308 256 315 266 0 0.344777 
308 256 315 266 0 0.346456 
308 256 315 266 0 0.337363 
308 257 314 266 0 0.305511 
308 257 314 266 0 0.303328 
308 257 314 266 0 0.300853 
330 256 338 266 0 0.370584 
330 256 338 266 0 0.313118 
330 256 338 266 0 0.501415 
330 256 338 266 0 0.361134 
330 256 338 266 0 0.468929 
330 256 338 266 0 0.400212 
330 256 337 266 0 0.403412 
308 256 314 266 0 0.301457 
330 256 337 266 0 0.386444 
330 256 337 266 0 0.370304 
330 256 337 266 0 0.303739 
330 256 337 266 0 0.329639 
307 256 314 266 0 0.321247 
330 256 337 266 0 0.303425 
330 256 338 266 0 0.336192 
308 256 314 266 0 0.314238 
308 256 315 266 0 0.351449 
330 256 337 266 0 0.314033 
308 256 315 266 0 0.343238 
308 256 315 266 0 0.33393 
308 256 315 266 0 0.300303 
308 256 314 266 0 0.32546 
308 256 314 266 0 0.346967 
308 256 314 266 0 0.335971 
308 256 314 266 0 0.333899 
330 256 338 266 0 0.364165 
330 256 337 266 0 0.359005 
330 256 338 266 0 0.376087 
330 256 338 266 0 0.315268 
330 256 338 266 0 0.342535 
330 256 338 266 0 0.341673 
330 256 337 266 0 0.374121 
330 256 337 266 0 0.31414 
330 256 337 266 0 0.307424 
308 257 314 266 0 0.309742 
308 257 314 266 0 0.330732 
308 257 314 266 0 0.328351 
308 257 314 266 0 0.32894 
308 257 314 266 0 0.339221 
308 257 314 266 0 0.342149 
308 257 314 266 0 0.380872 
330 256 337 266 0 0.35888 
330 256 337 266 0 0.430236 
307 256 315 266 0 0.313118 
330 256 337 266 0 0.444919 
308 256 314 266 0 0.325921 
330 256 337 266 0 0.369065 
330 256 337 266 0 0.386502 
330 256 337 266 0 0.424818 
308 256 314 266 0 0.312966 
330 256 337 266 0 0.423759 
308 256 314 266 0 0.311501 
330 256 337 266 0 0.392446 
308 256 314 266 0 0.314188 
330 256 337 266 0 0.429491 
308 256 314 266 0 0.322757 
330 256 337 266 0 0.417205 
308 256 314 266 0 0.304341 
330 256 337 266 0 0.451043 
308 256 314 266 0 0.312463 
308 256 314 266 0 0.31572 
308 256 314 266 0 0.311026 
308 256 314 266 0 0.316504 
308 256 314 266 0 0.312504 
308 256 314 266 0 0.321188 
308 256 314 266 0 0.310233 
307 256 315 266 0 0.315598 
308 256 315 266 0 0.423718 
308 256 314 266 0 0.454786 
308 256 314 266 0 0.455137 
308 256 314 266 0 0.494157 
330 256 338 266 0 0.339122 
308 256 314 266 0 0.497731 
330 256 337 266 0 0.340067 
308 256 314 266 0 0.497338 
330 256 337 266 0 0.337831 
308 257 314 266 0 0.48334 
308 257 314 266 0 0.481416 
308 257 314 266 0 0.488008 
308 257 314 266 0 0.433502 
308 257 314 266 0 0.437851 
330 256 337 266 0 0.327929 
308 257 314 266 0 0.305539 
308 257 314 266 0 0.302857 
308 257 314 266 0 0.324249 
330 256 337 266 0 0.30549 
308 257 314 266 0 0.355701 
308 257 314 266 0 0.471183 
330 256 338 266 0 0.459654 
308 257 314 266 0 0.445573 
330 256 337 266 0 0.385079 
330 256 338 266 0 0.507687 
308 257 314 266 0 0.503613 
330 256 338 266 0 0.551169 
308 257 315 266 0 0.458072 
330 256 337 266 0 0.424653 
308 257 314 266 0 0.399893 
166 240 220 364 0 0.373229 
167 239 220 364 0 0.381095 
166 239 220 364 0 0.351254 
166 240 220 364 0 0.359016 
166 240 220 364 0 0.310105 
308 256 315 266 0 0.305189 
308 256 315 266 0 0.328274 
308 256 315 266 0 0.318238 
330 257 337 266 0 0.355023 
330 257 337 266 0 0.329671 
330 257 337 266 0 0.353804 
330 257 337 266 0 0.381677 
330 257 337 266 0 0.388482 
330 256 338 266 0 0.457701 
330 256 337 266 0 0.459027 
308 257 315 266 0 0.315469 
330 256 338 266 0 0.507904 
308 257 314 266 0 0.34903 
330 256 337 266 0 0.465962 
308 257 315 266 0 0.343423 
330 256 337 266 0 0.473064 
308 257 315 266 0 0.321855 
330 256 337 266 0 0.488957 
308 257 315 266 0 0.329731 
330 256 337 266 0 0.555415 
308 257 314 266 0 0.340726 
330 256 337 266 0 0.579405 
308 257 314 266 0 0.350129 
330 256 338 266 0 0.590843 
308 257 315 266 0 0.402855 
330 256 338 266 0 0.58425 
308 257 314 266 0 0.386707 
330 256 338 266 0 0.60746 
308 257 314 266 0 0.387482 
330 256 338 266 0 0.634826 
308 257 314 266 0 0.411932 
167 239 219 363 0 0.326361 
330 256 338 266 0 0.365229 
308 256 314 266 0 0.335131 
330 256 338 266 0 0.386635 
308 256 314 266 0 0.346945 
330 256 338 266 0 0.390752 
308 256 314 266 0 0.343364 
330 256 337 266 0 0.374014 
308 256 314 266 0 0.363777 
330 256 337 266 0 0.366833 
308 256 314 266 0 0.346452 
330 256 337 266 0 0.362303 
308 256 314 266 0 0.320566 
330 256 337 266 0 0.363607 
308 256 314 266 0 0.334175 
330 256 338 266 0 0.427635 
308 256 314 266 0 0.321371 
330 256 338 266 0 0.436107 
330 256 338 266 0 0.421156 
330 257 337 266 0 0.425847 
330 257 337 266 0 0.442479 
330 257 337 266 0 0.331262 
330 257 337 266 0 0.360168 
330 257 337 266 0 0.362228 
330 257 337 266 0 0.394103 
330 257 337 266 0 0.454955 
330 257 337 266 0 0.361057 
330 257 337 266 0 0.468064 
308 257 314 266 0 0.312745 
330 256 338 266 0 0.454686 
308 256 314 266 0 0.31496 
330 256 338 266 0 0.449714 
308 256 314 266 0 0.329122 
330 256 338 266 0 0.433681 
308 257 314 266 0 0.312093 
330 256 337 266 0 0.471699 
308 257 314 266 0 0.33491 
330 256 338 266 0 0.485148 
308 257 314 266 0 0.35998 
330 256 337 266 0 0.427789 
308 257 314 266 0 0.345476 
330 256 337 266 0 0.466351 
308 256 314 266 0 0.41967 
330 256 337 266 0 0.435337 
308 257 314 266 0 0.341501 
330 256 338 266 0 0.546344 
308 256 314 267 0 0.39783 
330 256 338 266 0 0.565994 
308 256 314 266 0 0.405787 
308 257 314 266 0 0.31927 
308 257 314 266 0 0.333744 
308 257 314 266 0 0.347236 
308 257 314 266 0 0.398246 
330 256 337 266 0 0.345263 
308 257 314 266 0 0.37975 
308 257 314 266 0 0.374585 
308 256 314 266 0 0.414114 
330 256 337 266 0 0.472014 
308 256 314 266 0 0.377775 
330 256 337 266 0 0.421485 
308 256 314 266 0 0.41427 
308 256 314 266 0 0.426397 
330 256 337 266 0 0.417712 
330 256 337 266 0 0.364953 
308 256 314 266 0 0.358653 
169 239 218 363 0 0.343993 
308 257 314 266 0 0.395602 
308 256 314 266 0 0.425557 
168 241 219 362 0 0.334758 
308 256 314 266 0 0.426819 
308 256 314 266 0 0.363448 
308 256 314 266 0 0.390857 
308 256 314 266 0 0.412385 
330 256 337 266 0 0.34472 
308 256 314 266 0 0.40964 
330 257 337 266 0 0.379149 
308 256 314 266 0 0.432048 
330 257 337 266 0 0.398589 
308 256 314 266 0 0.365832 
330 257 337 266 0 0.331116 
308 256 314 266 0 0.410639 
330 257 337 266 0 0.340681 
330 256 338 266 0 0.311767 
330 257 338 266 0 0.30081 
330 257 338 266 0 0.358387 
330 257 338 266 0 0.388271 
330 257 338 266 0 0.381524 
330 257 337 266 0 0.374918 
330 257 337 266 0 0.359625 
330 257 338 266 0 0.387585 
330 257 338 266 0 0.375046 
330 257 337 266 0 0.357886 
330 257 337 266 0 0.45743 
330 257 337 266 0 0.451943 
330 256 337 266 0 0.344605 
330 256 337 266 0 0.350906 
330 256 337 266 0 0.362902 
330 256 337 266 0 0.337412 
330 256 337 266 0 0.346657 
330 256 337 266 0 0.390205 
330 256 337 266 0 0.391076 
330 256 337 266 0 0.401551 
330 256 337 266 0 0.407458 
330 256 337 266 0 0.346073 
330 256 337 266 0 0.327317 
330 256 338 266 0 0.4092 
330 256 338 266 0 0.301433 
330 256 338 266 0 0.381546 
330 256 338 266 0 0.33564 
330 256 338 266 0 0.334905 
330 256 338 266 0 0.367137 
330 256 338 266 0 0.361636 
330 256 338 266 0 0.452154 
308 256 314 266 0 0.30427 
330 256 338 266 0 0.422394 
308 256 314 266 0 0.357698 
330 256 338 266 0 0.380956 
308 256 314 266 0 0.34986 
330 256 338 266 0 0.39037 
308 256 314 266 0 0.353557 
170 242 217 360 0 0.391224 
330 256 338 266 0 0.389903 
308 257 314 266 0 0.365485 
330 256 338 266 0 0.40734 
308 257 314 267 0 0.390812 
330 256 338 266 0 0.540682 
308 257 315 267 0 0.441736 
308 257 314 267 0 0.432985 
330 256 338 266 0 0.420041 
330 256 337 266 0 0.368944 
308 257 314 267 0 0.352675 
330 256 337 266 0 0.36297 
308 257 314 266 0 0.332797 
330 256 337 266 0 0.369252 
308 257 314 267 0 0.34132 
330 256 337 266 0 0.364197 
308 257 314 267 0 0.313523 
330 256 337 266 0 0.400944 
308 257 314 267 0 0.31033 
330 256 337 266 0 0.394976 
308 257 314 267 0 0.316728 
330 256 337 266 0 0.429171 
308 257 314 266 0 0.375136 
308 257 314 266 0 0.368638 
330 256 337 266 0 0.363447 
308 257 314 266 0 0.312744 
307 257 314 266 0 0.30383 
307 257 314 266 0 0.31295 
307 257 314 266 0 0.303141 
307 256 314 266 0 0.332904 
307 256 314 266 0 0.332001 
307 256 314 266 0 0.327372 
307 256 314 266 0 0.340043 
307 256 314 266 0 0.338098 
307 256 314 266 0 0.314288 
308 257 315 266 0 0.377974 
308 257 315 266 0 0.333175 
308 257 315 266 0 0.346296 
308 257 315 266 0 0.345449 
308 257 315 266 0 0.347071 
308 257 315 266 0 0.353938 
308 257 315 266 0 0.343811 
308 257 315 266 0 0.309018 
308 257 315 266 0 0.303425 
308 257 315 266 0 0.334717 
308 257 315 266 0 0.332192 
307 256 315 266 0 0.427809 
330 256 338 266 0 0.41133 
307 256 315 266 0 0.430801 
330 256 338 266 0 0.425914 
307 256 315 267 0 0.490274 
330 256 338 266 0 0.38618 
307 256 315 267 0 0.493218 
330 256 338 266 0 0.368437 
307 256 315 267 0 0.50429 
330 256 338 266 0 0.444098 
307 256 315 267 0 0.509555 
330 256 338 266 0 0.35948 
308 257 314 266 0 0.374593 
308 257 314 266 0 0.363739 
308 257 314 266 0 0.366613 
308 257 314 266 0 0.40035 
308 257 314 266 0 0.420005 
169 241 217 362 0 0.335287 
308 256 315 266 0 0.350541 
330 256 337 266 0 0.32369 
308 256 315 266 0 0.316263 
308 256 315 266 0 0.376492 
330 256 337 266 0 0.316505 
308 256 315 266 0 0.363414 
330 256 337 266 0 0.310602 
308 256 315 266 0 0.388198 
330 256 337 266 0 0.315314 
308 256 315 266 0 0.373406 
330 256 337 266 0 0.312976 
308 256 315 266 0 0.375323 
330 256 337 266 0 0.333405 
308 256 315 266 0 0.366513 
168 241 218 362 0 0.306618 
307 256 315 266 0 0.30008 
307 256 314 266 0 0.304148 
307 256 314 266 0 0.332918 
307 256 314 266 0 0.345783 
307 256 314 266 0 0.342141 
307 256 314 266 0 0.347175 
307 256 314 266 0 0.356527 
330 256 337 266 0 0.310595 
307 256 314 266 0 0.372742 
330 256 338 266 0 0.306475 
307 256 314 266 0 0.366027 
330 256 338 266 0 0.303333 
307 256 314 266 0 0.36007 
330 256 338 266 0 0.300028 
307 256 314 266 0 0.356918 
329 256 338 266 0 0.431936 
307 256 315 266 0 0.326402 
330 256 338 266 0 0.307299 
330 256 338 266 0 0.348961 
307 256 315 266 0 0.311499 
307 257 314 266 0 0.381497 
330 256 338 266 0 0.321664 
307 257 314 266 0 0.383015 
307 257 314 266 0 0.377314 
330 256 338 266 0 0.304959 
307 257 314 266 0 0.349593 
307 257 314 266 0 0.333033 
307 257 314 266 0 0.334519 
308 257 314 266 0 0.362671 
330 256 338 266 0 0.313714 
308 257 315 266 0 0.314682 
330 256 338 266 0 0.31424 
308 257 314 266 0 0.32444 
308 257 314 266 0 0.300514 
308 257 314 266 0 0.357245 
308 257 314 266 0 0.351878 
308 257 315 266 0 0.389406 
330 256 338 266 0 0.331365 
308 256 315 266 0 0.409606 
330 256 338 266 0 0.330773 
308 256 315 266 0 0.390631 
330 256 338 266 0 0.322729 
308 256 315 266 0 0.393827 
330 256 338 266 0 0.319981 
307 256 315 266 0 0.4113 
330 256 338 266 0 0.343856 
308 257 315 266 0 0.451971 
330 256 338 266 0 0.382183 
307 256 315 266 0 0.388804 
308 257 315 266 0 0.33087 
330 256 337 266 0 0.311458 
308 256 315 266 0 0.310916 
308 256 314 266 0 0.346399 
330 256 337 266 0 0.352035 
308 256 314 266 0 0.317268 
330 256 337 266 0 0.34201 
308 256 314 266 0 0.318285 
308 256 314 266 0 0.370657 
330 256 337 266 0 0.346693 
330 256 337 266 0 0.419227 
308 257 314 266 0 0.352232 
330 256 337 266 0 0.441015 
308 257 314 266 0 0.346005 
330 257 337 266 0 0.317487 
330 256 338 266 0 0.307341 
330 256 338 266 0 0.32369 
330 256 338 266 0 0.33194 
330 256 338 266 0 0.371038 
330 256 338 266 0 0.379242 
330 256 338 267 0 0.502895 
308 257 314 266 0 0.302613 
330 256 338 267 0 0.48201 
330 256 338 267 0 0.495279 
307 256 315 266 0 0.305484 
330 256 338 267 0 0.495325 
307 256 315 266 0 0.301994 
330 256 338 267 0 0.436621 
330 256 338 267 0 0.424616 
167 239 219 363 0 0.425716 
330 256 338 266 0 0.398819 
168 239 218 363 0 0.45501 
330 256 338 266 0 0.404395 
168 238 218 363 0 0.483223 
330 256 338 267 0 0.370012 
330 256 338 267 0 0.472892 
167 239 219 364 0 0.402856 
330 256 338 267 0 0.415024 
167 239 219 363 0 0.371988 
330 256 338 267 0 0.367767 
308 257 315 266 0 0.42621 
169 240 218 363 0 0.364618 
308 257 314 266 0 0.430973 
330 256 338 266 0 0.344193 
308 257 314 266 0 0.448551 
330 256 338 266 0 0.384689 
308 257 314 266 0 0.455024 
330 256 338 266 0 0.393452 
308 257 314 266 0 0.491579 
330 256 338 266 0 0.426193 
168 240 219 364 0 0.339521 
308 257 314 266 0 0.497693 
330 256 338 266 0 0.428656 
168 240 219 364 0 0.339044 
308 257 314 266 0 0.489109 
330 256 338 266 0 0.403653 
168 239 219 364 0 0.344638 
330 256 338 266 0 0.488615 
308 257 314 266 0 0.472855 
168 240 219 364 0 0.374936 
330 256 338 266 0 0.548685 
308 257 314 266 0 0.457925 
330 256 338 266 0 0.429792 
308 257 314 266 0 0.399584 
330 256 338 266 0 0.456298 
308 257 315 266 0 0.384501 
330 256 338 266 0 0.515365 
308 256 315 266 0 0.425999 
308 257 315 266 0 0.313957 
330 256 338 266 0 0.314838 
308 257 314 266 0 0.339684 
308 257 314 266 0 0.312779 
308 257 314 266 0 0.302285 
308 257 314 266 0 0.359373 
308 257 314 266 0 0.357254 
170 241 218 362 0 0.48475 
308 257 314 266 0 0.370806 
308 257 314 266 0 0.43836 
330 257 337 266 0 0.325883 
308 257 314 266 0 0.493504 
330 256 338 266 0 0.360874 
308 257 314 266 0 0.464292 
308 257 314 266 0 0.492478 
330 257 337 266 0 0.314727 
308 257 314 266 0 0.482534 
330 257 337 266 0 0.302156 
308 257 314 266 0 0.472595 
308 257 314 266 0 0.473421 
308 257 314 266 0 0.476474 
308 257 314 266 0 0.4621 
308 257 314 266 0 0.471486 
308 257 314 266 0 0.536887 
308 257 315 266 0 0.309163 
308 257 314 266 0 0.42332 
308 257 314 266 0 0.430352 
308 257 314 266 0 0.335074 
308 257 314 266 0 0.45014 
308 257 314 266 0 0.454566 
308 257 314 266 0 0.477284 
308 257 314 266 0 0.469466 
308 257 314 266 0 0.433583 
308 257 314 266 0 0.328245 
308 257 314 266 0 0.327251 
308 257 315 266 0 0.302105 
308 257 315 266 0 0.336418 
308 257 315 266 0 0.329242 
308 257 314 266 0 0.309041 
308 257 315 266 0 0.312022 
308 257 315 266 0 0.319925 
308 257 315 266 0 0.382345 
307 256 315 266 0 0.458598 
307 256 315 266 0 0.411819 
307 256 315 266 0 0.416055 
308 257 315 266 0 0.425442 
308 256 315 266 0 0.416739 
308 256 315 266 0 0.407206 
308 256 314 266 0 0.303637 
308 256 314 266 0 0.307345 
308 256 315 266 0 0.353194 
308 257 314 266 0 0.3357 
308 257 314 266 0 0.381288 
308 257 314 266 0 0.36527 
308 257 314 266 0 0.357934 
308 257 314 266 0 0.328495 
308 257 314 266 0 0.335799 
308 257 314 266 0 0.358444 
308 257 314 266 0 0.316276 
171 243 217 361 0 0.43582 
170 242 217 362 0 0.528207 
169 242 218 362 0 0.310377 
167 242 219 363 0 0.311994 
168 241 219 363 0 0.402011 
330 256 338 266 0 0.323746 
330 256 337 266 0 0.310796 
330 257 337 266 0 0.327176 
308 257 314 266 0 0.330796 
308 256 314 266 0 0.33441 
308 256 314 266 0 0.300786 
308 257 314 266 0 0.305536 
308 256 315 266 0 0.443006 
307 256 314 266 0 0.387894 
308 256 314 266 0 0.424678 
308 257 314 266 0 0.444442 
308 257 314 266 0 0.46481 
308 257 314 266 0 0.473124 
308 256 314 266 0 0.480718 
308 257 314 266 0 0.490706 
307 256 315 266 0 0.333036 
308 257 314 266 0 0.354513 
330 256 338 266 0 0.321875 
194 116 268 370 0 0.41266 
206 110 273 365 0 0.30255 
196 116 290 367 0 0.583096 
209 132 282 366 0 0.483372 
203 114 290 363 0 0.586084 
214 115 285 365 0 0.430787 
330 256 337 266 0 0.427474 
308 256 314 266 0 0.329152 
308 257 314 266 0 0.354596 
308 256 315 266 0 0.364774 
308 257 314 266 0 0.359018 
308 257 314 266 0 0.380514 
308 256 314 266 0 0.320215 
308 256 314 266 0 0.324932 
308 257 314 266 0 0.395744 
308 257 314 266 0 0.413264 
230 151 287 346 0 0.390479 
234 152 288 346 0 0.378849 
234 152 288 346 0 0.474003 
224 231 236 261 0 0.417674 
237 156 288 341 0 0.303113 
236 155 290 340 0 0.324089 
236 158 283 338 0 0.575744 
235 158 285 337 0 0.550937 
237 158 283 339 0 0.601961 
238 161 285 338 0 0.91149 
237 162 284 338 0 0.852405 
238 162 285 336 0 0.943395 
237 160 283 337 0 0.937683 
239 161 284 338 0 0.885987 
238 161 286 338 0 0.870597 
330 256 338 266 0 0.355897 
331 256 337 266 0 0.346743 
246 160 288 335 0 0.712818 
308 256 315 266 0 0.339803 
330 256 338 266 0 0.35469 
247 158 290 334 0 0.700802 
247 161 291 331 0 0.689306 
246 164 291 330 0 0.833873 
245 166 291 331 0 0.832078 
244 164 291 331 0 0.896214 
242 163 291 330 0 0.960563 
238 163 290 329 0 0.98673 
238 164 293 330 0 0.983937 
236 162 293 328 0 0.984029 
237 161 290 327 0 0.968545 
235 161 289 327 0 0.974583 
236 161 293 326 0 0.983876 
237 162 293 326 0 0.970853 
238 162 293 326 0 0.975191 
245 164 292 325 0 0.942789 
240 162 294 326 0 0.937287 
245 163 294 325 0 0.981469 
330 256 337 266 0 0.322262 
243 163 294 325 0 0.987199 
243 164 294 327 0 0.990394 
245 165 294 326 0 0.988748 
245 165 295 326 0 0.977865 
246 163 294 326 0 0.535702 
243 164 294 326 0 0.941233 
244 165 294 326 0 0.959302 
244 165 294 325 0 0.945903 
245 166 294 324 0 0.942476 
307 257 315 266 0 0.323908 
245 168 294 325 0 0.937943 
243 167 294 325 0 0.941431 
246 167 293 326 0 0.705084 
245 168 294 326 0 0.762402 
248 169 293 326 0 0.754034 
248 169 293 325 0 0.921818 
250 168 291 324 0 0.85472 
251 166 289 324 0 0.472545 
248 167 291 322 0 0.924302 
247 166 294 323 0 0.936295 
251 165 293 324 0 0.961373 
246 166 292 324 0 0.959662 
243 167 291 324 0 0.974238 
242 167 290 324 0 0.958598 
243 167 289 325 0 0.941672 
241 166 290 325 0 0.953774 
243 166 291 325 0 0.979895 
244 166 290 325 0 0.980576 
243 167 289 325 0 0.974364 
239 166 290 325 0 0.866607 
241 167 289 326 0 0.859996 
242 167 290 325 0 0.950338 
243 166 290 325 0 0.953366 
241 167 290 325 0 0.944457 
241 167 288 325 0 0.941333 
246 167 288 326 0 0.877587 
240 168 288 325 0 0.95655 
240 167 289 324 0 0.96568 
240 166 289 324 0 0.972022 
240 166 290 324 0 0.978955 
241 166 289 325 0 0.972481 
241 165 289 324 0 0.775967 
241 166 289 324 0 0.927479 
241 166 290 325 0 0.923918 
308 256 314 266 0 0.390826 
330 257 337 266 0 0.311871 
246 169 290 325 0 0.949984 
308 256 314 266 0 0.383944 
242 168 290 324 0 0.970812 
308 256 314 266 0 0.424148 
244 169 290 324 0 0.983576 
308 256 314 266 0 0.477264 
244 169 289 325 0 0.983735 
308 256 314 266 0 0.417719 
243 169 290 325 0 0.982548 
308 256 314 266 0 0.440718 
242 169 290 324 0 0.98156 
308 256 314 266 0 0.42148 
243 169 290 325 0 0.982884 
308 256 314 266 0 0.413606 
243 169 291 325 0 0.986477 
308 256 314 266 0 0.477548 
244 169 290 325 0 0.989405 
308 256 314 266 0 0.399986 
246 168 290 324 0 0.834539 
246 168 289 324 0 0.90255 
240 169 290 325 0 0.943456 
241 169 289 325 0 0.946488 
308 257 314 266 0 0.321183 
242 169 290 326 0 0.966945 
243 169 289 325 0 0.961008 
308 257 314 266 0 0.315442 
242 169 290 325 0 0.955872 
308 257 314 266 0 0.340939 
243 169 290 325 0 0.970323 
308 257 314 266 0 0.313596 
243 169 290 326 0 0.932014 
243 169 289 325 0 0.971578 
308 257 314 266 0 0.303401 
243 169 289 325 0 0.971201 
308 257 314 266 0 0.415025 
243 169 289 325 0 0.966656 
308 257 314 266 0 0.337054 
246 169 289 324 0 0.964744 
242 168 290 325 0 0.970066 
245 170 289 324 0 0.977412 
246 170 289 324 0 0.975859 
241 168 290 325 0 0.976282 
241 169 289 325 0 0.973347 
245 170 289 324 0 0.980067 
241 168 290 325 0 0.982269 
241 169 290 325 0 0.983497 
241 169 290 325 0 0.982467 
242 168 289 325 0 0.97582 
242 169 289 325 0 0.97545 
246 171 289 324 0 0.976226 
247 171 289 324 0 0.979556 
245 170 289 324 0 0.985736 
245 170 289 324 0 0.982486 
247 170 289 324 0 0.981103 
246 170 289 325 0 0.981729 
242 169 290 325 0 0.982397 
242 169 290 325 0 0.984841 
245 170 290 325 0 0.984773 
242 169 290 325 0 0.985324 
246 170 290 325 0 0.985907 
244 169 290 325 0 0.984039 
245 169 289 323 0 0.97712 
245 169 289 324 0 0.980737 
244 169 289 324 0 0.98133 
244 169 290 324 0 0.983087 
244 169 289 324 0 0.980932 
245 169 289 324 0 0.982231 
245 169 289 324 0 0.982569 
246 169 290 324 0 0.979844 
246 169 290 324 0 0.977804 
246 169 290 324 0 0.977117 
246 169 290 323 0 0.978526 
246 169 290 323 0 0.975498 
245 170 289 325 0 0.969991 
246 170 289 325 0 0.975123 
245 170 289 325 0 0.975362 
245 170 290 325 0 0.975643 
243 169 290 326 0 0.974353 
245 170 289 324 0 0.975602 
308 257 314 266 0 0.31567 
245 170 290 324 0 0.97666 
308 257 314 266 0 0.394962 
245 170 289 324 0 0.976796 
245 170 289 324 0 0.978079 
308 257 314 266 0 0.39962 
245 169 289 324 0 0.980853 
308 257 314 266 0 0.304461 
245 169 289 324 0 0.983203 
308 257 314 266 0 0.306613 
246 169 289 324 0 0.983299 
243 169 290 323 0 0.977895 
243 169 290 323 0 0.979482 
243 169 289 323 0 0.979796 
243 168 290 324 0 0.97988 
243 169 289 324 0 0.980932 
243 168 289 324 0 0.979425 
243 169 289 324 0 0.980869 
243 169 289 324 0 0.981369 
243 169 289 324 0 0.983492 
243 169 289 324 0 0.983502 
244 169 289 324 0 0.983609 
308 257 314 266 0 0.300259 
244 169 289 324 0 0.983492 
308 257 314 266 0 0.304263 
245 170 290 323 0 0.974608 
245 170 290 323 0 0.978189 
242 168 291 325 0 0.982115 
242 168 291 325 0 0.98331 
330 257 337 266 0 0.311672 
246 169 290 323 0 0.982523 
330 257 337 266 0 0.310982 
246 170 290 323 0 0.982958 
330 257 337 266 0 0.360311 
246 170 290 323 0 0.983602 
330 257 337 266 0 0.317666 
246 170 290 324 0 0.985319 
330 257 337 266 0 0.340216 
308 257 314 266 0 0.321278 
246 170 290 324 0 0.985258 
330 257 337 266 0 0.385539 
308 257 314 266 0 0.325532 
246 170 290 324 0 0.984564 
308 257 314 265 0 0.307047 
246 170 290 324 0 0.983679 
308 257 314 266 0 0.357509 
330 257 337 266 0 0.303247 
246 170 290 324 0 0.982805 
308 257 314 265 0 0.358585 
246 170 290 324 0 0.970836 
245 169 290 324 0 0.97307 
245 169 290 324 0 0.973797 
308 257 314 266 0 0.322599 
245 169 290 324 0 0.973875 
308 257 314 266 0 0.30666 
241 168 290 325 0 0.972201 
241 168 290 325 0 0.974074 
241 168 290 325 0 0.974376 
241 168 290 325 0 0.9772 
245 169 290 324 0 0.97691 
308 257 314 266 0 0.307084 
245 169 290 324 0 0.978312 
242 168 290 325 0 0.977915 
308 257 314 266 0 0.309412 
242 168 290 325 0 0.978585 
308 257 314 266 0 0.317942 
245 170 291 323 0 0.972568 
308 257 314 266 0 0.327286 
245 169 291 323 0 0.976044 
308 257 314 266 0 0.438024 
245 169 291 323 0 0.978503 
308 257 314 266 0 0.412613 
245 169 291 323 0 0.977376 
308 257 314 266 0 0.410566 
245 169 291 324 0 0.977863 
308 257 314 266 0 0.375879 
245 170 291 324 0 0.978905 
308 257 314 266 0 0.370857 
245 169 291 324 0 0.977729 
308 257 314 266 0 0.386385 
245 169 291 324 0 0.975041 
308 257 314 266 0 0.411444 
245 169 291 324 0 0.975106 
308 257 314 266 0 0.432123 
246 169 290 324 0 0.976549 
308 257 314 266 0 0.429673 
242 168 291 325 0 0.977433 
308 257 314 266 0 0.464171 
242 168 291 325 0 0.976378 
308 257 314 266 0 0.468606 
245 170 290 324 0 0.980737 
245 170 291 324 0 0.983204 
308 257 314 266 0 0.339392 
242 168 291 325 0 0.985541 
308 257 314 265 0 0.380598 
242 168 291 325 0 0.986459 
308 257 314 265 0 0.461441 
246 169 291 324 0 0.985166 
308 257 314 266 0 0.467883 
246 170 291 324 0 0.987552 
308 257 314 266 0 0.385293 
246 170 290 324 0 0.987362 
308 257 314 266 0 0.386797 
246 170 290 324 0 0.98691 
308 257 314 266 0 0.406632 
246 169 290 324 0 0.987013 
308 257 314 266 0 0.451747 
246 169 290 324 0 0.987508 
308 257 314 266 0 0.449458 
246 169 290 323 0 0.987582 
308 257 314 266 0 0.461351 
246 169 290 323 0 0.987671 
308 257 314 266 0 0.463469 
246 169 291 325 0 0.964299 
245 169 291 325 0 0.970182 
241 168 291 326 0 0.971987 
242 168 291 326 0 0.97561 
242 168 291 326 0 0.97441 
308 257 314 266 0 0.303076 
241 168 291 326 0 0.973593 
242 168 291 326 0 0.979417 
308 257 314 266 0 0.490506 
330 256 337 266 0 0.364697 
242 168 291 326 0 0.982767 
308 257 314 266 0 0.546693 
330 256 338 266 0 0.351357 
243 168 291 326 0 0.983255 
308 257 314 266 0 0.552028 
330 256 338 266 0 0.357317 
242 168 291 326 0 0.983705 
308 257 314 266 0 0.526652 
330 256 338 266 0 0.305456 
246 169 290 325 0 0.981042 
308 257 314 266 0 0.459138 
246 169 290 325 0 0.982355 
308 257 314 266 0 0.51056 
247 170 290 324 0 0.976538 
308 257 314 266 0 0.403094 
247 170 290 324 0 0.976813 
308 257 314 266 0 0.390527 
244 168 291 326 0 0.979642 
308 257 314 266 0 0.449891 
248 170 290 325 0 0.98062 
308 257 314 266 0 0.351836 
248 170 290 325 0 0.982535 
308 257 314 266 0 0.38458 
248 170 290 325 0 0.982742 
308 257 314 266 0 0.336158 
247 170 290 325 0 0.983438 
308 257 314 266 0 0.400844 
247 170 290 325 0 0.98446 
308 257 314 266 0 0.383269 
247 170 290 325 0 0.984327 
308 257 314 266 0 0.349317 
247 169 290 325 0 0.983125 
308 257 314 266 0 0.347225 
247 170 290 325 0 0.982132 
308 257 314 266 0 0.370586 
247 170 290 324 0 0.982139 
308 257 314 266 0 0.379245 
244 168 291 326 0 0.980431 
243 168 291 326 0 0.98201 
243 168 291 326 0 0.984011 
243 168 291 326 0 0.984152 
244 168 291 326 0 0.985917 
244 168 291 326 0 0.985848 
244 168 291 326 0 0.98582 
245 168 291 326 0 0.98558 
244 168 291 326 0 0.985564 
244 168 291 326 0 0.98582 
244 168 291 326 0 0.986846 
244 168 291 326 0 0.985809 
245 168 290 326 0 0.979795 
245 168 290 326 0 0.978852 
244 168 290 326 0 0.979528 
308 257 314 266 0 0.398926 
244 168 290 326 0 0.978521 
308 257 314 266 0 0.368735 
248 169 289 324 0 0.980449 
308 257 314 266 0 0.419797 
330 257 337 266 0 0.365641 
244 168 290 326 0 0.981263 
308 257 314 266 0 0.418014 
330 257 337 266 0 0.36996 
244 168 290 326 0 0.981396 
308 257 314 266 0 0.422599 
330 257 337 266 0 0.373102 
247 169 289 324 0 0.980622 
308 257 314 266 0 0.41967 
330 257 337 267 0 0.386811 
244 168 290 325 0 0.981913 
308 257 314 266 0 0.406475 
244 169 290 325 0 0.982614 
308 257 314 266 0 0.446027 
244 169 290 325 0 0.982311 
308 257 314 266 0 0.35062 
245 168 290 325 0 0.982645 
247 169 289 324 0 0.957454 
247 169 289 324 0 0.956442 
247 169 289 324 0 0.954588 
246 169 289 324 0 0.967876 
247 169 289 324 0 0.969299 
248 169 289 324 0 0.970849 
244 168 290 325 0 0.970815 
244 168 290 326 0 0.979788 
245 168 290 326 0 0.983584 
244 168 291 326 0 0.981834 
244 168 291 326 0 0.983997 
244 168 291 326 0 0.984675 
245 168 291 326 0 0.9774 
308 257 314 266 0 0.369667 
245 168 291 326 0 0.983923 
308 257 314 266 0 0.322944 
244 168 291 326 0 0.983781 
308 257 314 266 0 0.438908 
245 168 291 326 0 0.982162 
308 257 314 266 0 0.403989 
245 168 291 326 0 0.984354 
308 257 314 266 0 0.46421 
244 168 291 326 0 0.983413 
308 257 314 266 0 0.502302 
244 168 291 326 0 0.982667 
308 257 314 266 0 0.439541 
245 168 291 326 0 0.984876 
308 257 314 266 0 0.492059 
245 168 291 326 0 0.986235 
308 257 314 266 0 0.510414 
245 168 291 326 0 0.98566 
308 257 314 266 0 0.510238 
245 168 291 326 0 0.985118 
308 257 314 266 0 0.480491 
244 168 291 326 0 0.986392 
308 257 314 266 0 0.522861 
246 169 291 324 0 0.964315 
308 257 314 266 0 0.338437 
246 169 291 324 0 0.973784 
308 257 314 266 0 0.341378 
330 257 337 266 0 0.339496 
244 169 291 324 0 0.968598 
245 170 291 324 0 0.97319 
308 257 314 266 0 0.353193 
245 170 291 324 0 0.975488 
308 257 314 266 0 0.366495 
245 170 291 324 0 0.975419 
308 257 314 266 0 0.365273 
245 170 291 324 0 0.975977 
308 257 314 266 0 0.392763 
245 169 291 324 0 0.973399 
308 257 314 266 0 0.386422 
246 168 291 324 0 0.969148 
308 257 314 266 0 0.378724 
245 168 291 324 0 0.968821 
246 168 291 324 0 0.968862 
308 257 314 266 0 0.349755 
245 168 291 323 0 0.962163 
308 257 314 266 0 0.35518 
246 169 288 324 0 0.934619 
308 257 314 266 0 0.344378 
245 169 290 325 0 0.964263 
308 257 314 266 0 0.415339 
245 170 289 324 0 0.94366 
308 257 314 266 0 0.424907 
245 169 289 324 0 0.971662 
308 257 314 266 0 0.419804 
245 169 289 324 0 0.966665 
308 257 314 266 0 0.385308 
245 168 289 324 0 0.976264 
308 257 314 266 0 0.394103 
245 168 289 324 0 0.978471 
308 257 314 266 0 0.412106 
245 168 289 324 0 0.97635 
308 257 314 266 0 0.414203 
245 168 289 324 0 0.980119 
308 257 314 266 0 0.457401 
245 168 289 324 0 0.978701 
308 257 314 266 0 0.475172 
245 168 289 324 0 0.971043 
308 257 314 266 0 0.487487 
245 168 289 324 0 0.971137 
308 257 314 266 0 0.468248 
243 167 290 323 0 0.954629 
308 256 314 266 0 0.32988 
243 167 290 323 0 0.96449 
308 256 314 266 0 0.371773 
244 167 290 323 0 0.967532 
308 256 314 266 0 0.355118 
244 167 290 323 0 0.966192 
308 256 314 266 0 0.394929 
244 168 290 323 0 0.968036 
308 256 314 266 0 0.363541 
244 168 291 323 0 0.967379 
308 256 314 266 0 0.347362 
244 169 291 323 0 0.972654 
245 169 290 323 0 0.978246 
244 169 290 323 0 0.979244 
245 169 290 323 0 0.977268 
245 169 291 323 0 0.976884 
308 257 314 266 0 0.311529 
245 170 291 323 0 0.973004 
308 257 314 266 0 0.337862 
246 171 289 323 0 0.911558 
308 257 314 266 0 0.315952 
246 170 289 323 0 0.948303 
308 256 314 266 0 0.490874 
246 170 290 323 0 0.956376 
308 256 314 266 0 0.472562 
246 170 290 323 0 0.957585 
308 256 314 266 0 0.479842 
245 171 289 323 0 0.958086 
308 256 314 266 0 0.495563 
245 171 290 324 0 0.970136 
308 257 314 266 0 0.474952 
246 171 290 324 0 0.973217 
308 257 314 266 0 0.446425 
245 171 290 324 0 0.97021 
308 257 314 266 0 0.451411 
244 171 290 323 0 0.971702 
308 257 314 266 0 0.479352 
245 172 289 324 0 0.974849 
308 257 314 266 0 0.469063 
245 171 290 324 0 0.978215 
308 257 314 266 0 0.463928 
246 171 289 324 0 0.979381 
308 257 314 266 0 0.469848 
246 170 290 324 0 0.961528 
247 169 290 325 0 0.969999 
247 170 290 325 0 0.9772 
308 257 314 266 0 0.362331 
247 169 290 325 0 0.975838 
308 257 314 266 0 0.363897 
246 169 290 325 0 0.976984 
308 257 314 266 0 0.330989 
246 169 290 325 0 0.979336 
308 257 314 266 0 0.319553 
246 169 290 324 0 0.977754 
246 169 290 324 0 0.979457 
246 168 290 324 0 0.976023 
246 169 290 324 0 0.977116 
246 169 290 324 0 0.977091 
308 257 314 266 0 0.321101 
246 169 290 324 0 0.975894 
308 257 314 266 0 0.353849 
245 169 291 324 0 0.963819 
308 257 314 266 0 0.338029 
245 169 290 324 0 0.972844 
308 257 314 266 0 0.35237 
245 168 290 324 0 0.973669 
308 257 314 266 0 0.364853 
245 168 290 324 0 0.975211 
308 257 314 266 0 0.392493 
245 168 290 324 0 0.975186 
308 257 314 266 0 0.402664 
246 169 290 324 0 0.975554 
308 257 314 266 0 0.397281 
246 169 290 324 0 0.974799 
308 257 314 266 0 0.394173 
245 168 290 324 0 0.971716 
308 257 314 266 0 0.398105 
246 168 289 324 0 0.969355 
308 257 314 266 0 0.364862 
247 168 289 324 0 0.960815 
308 257 314 266 0 0.377158 
247 168 289 324 0 0.965418 
308 257 314 266 0 0.455707 
246 168 289 324 0 0.965126 
308 257 314 266 0 0.426053 
245 168 290 323 0 0.857155 
308 257 314 266 0 0.334058 
330 256 337 266 0 0.301618 
245 169 289 323 0 0.935836 
308 257 314 266 0 0.424786 
330 256 337 266 0 0.356589 
244 171 288 322 0 0.944779 
308 257 314 266 0 0.33435 
330 257 337 266 0 0.330591 
244 169 289 323 0 0.947714 
308 257 314 266 0 0.405543 
330 257 337 266 0 0.40067 
244 168 290 323 0 0.961535 
330 256 338 266 0 0.421556 
308 257 314 266 0 0.412448 
245 169 288 323 0 0.964661 
308 257 314 266 0 0.390008 
245 167 289 323 0 0.962653 
308 257 314 266 0 0.366004 
244 167 289 323 0 0.945085 
308 257 314 266 0 0.431925 
330 256 337 266 0 0.384513 
243 167 289 323 0 0.926191 
308 257 314 266 0 0.48017 
330 256 337 266 0 0.456712 
244 168 289 323 0 0.933402 
308 257 314 266 0 0.474436 
330 256 337 266 0 0.440686 
245 168 288 323 0 0.931301 
308 257 314 266 0 0.404377 
330 256 337 266 0 0.354935 
245 170 287 323 0 0.929001 
308 257 314 266 0 0.399933 
245 171 287 322 0 0.436004 
244 170 287 322 0 0.757059 
245 172 287 322 0 0.669309 
247 172 286 323 0 0.847974 
247 170 286 323 0 0.865348 
247 170 286 323 0 0.8768 
247 171 287 323 0 0.918336 
246 171 286 323 0 0.944509 
247 171 286 323 0 0.941305 
247 171 286 323 0 0.946309 
308 257 314 266 0 0.313714 
247 170 287 323 0 0.947579 
308 257 314 266 0 0.35551 
247 170 287 323 0 0.956034 
308 257 314 266 0 0.326461 
247 172 286 323 0 0.825912 
249 172 285 323 0 0.89812 
308 257 314 266 0 0.359751 
248 171 285 323 0 0.921084 
308 257 314 266 0 0.349317 
249 171 285 323 0 0.917952 
308 257 314 266 0 0.397292 
248 170 285 323 0 0.914596 
308 257 314 266 0 0.373608 
249 171 285 323 0 0.94027 
308 257 314 266 0 0.403304 
248 171 286 323 0 0.910751 
308 257 314 266 0 0.4047 
249 172 286 323 0 0.932279 
308 257 314 266 0 0.322076 
248 172 286 323 0 0.944529 
308 257 314 266 0 0.344824 
248 171 286 323 0 0.939552 
308 257 314 266 0 0.368667 
248 171 286 324 0 0.94421 
308 257 314 266 0 0.349832 
248 172 286 323 0 0.936067 
308 257 314 266 0 0.307111 
242 173 286 322 0 0.499028 
308 257 314 266 0 0.309099 
243 174 287 322 0 0.559411 
271 190 292 218 0 0.388112 
242 173 287 323 0 0.802772 
308 257 314 266 0 0.304029 
271 189 292 219 0 0.300982 
244 173 287 322 0 0.858989 
271 190 292 219 0 0.367697 
243 173 287 322 0 0.840086 
271 190 292 219 0 0.382044 
308 257 314 266 0 0.315152 
244 172 287 323 0 0.912297 
308 257 314 266 0 0.315113 
244 171 287 323 0 0.928272 
271 190 292 220 0 0.331686 
243 171 287 323 0 0.926844 
308 257 314 266 0 0.300871 
243 172 287 323 0 0.922728 
308 257 314 266 0 0.303633 
242 170 288 323 0 0.904197 
244 171 288 323 0 0.927807 
246 166 291 327 0 0.94017 
246 166 292 327 0 0.947325 
246 166 292 327 0 0.960037 
308 256 314 266 0 0.335687 
246 166 292 327 0 0.955322 
308 257 314 266 0 0.315788 
245 166 293 327 0 0.941137 
308 257 314 266 0 0.340624 
245 166 292 327 0 0.936872 
308 257 314 266 0 0.358131 
245 166 293 327 0 0.949664 
308 257 314 266 0 0.329787 
248 170 288 326 0 0.942312 
308 257 314 266 0 0.31381 
248 171 288 325 0 0.94507 
308 257 314 266 0 0.322859 
248 169 289 325 0 0.933345 
308 257 314 266 0 0.37291 
247 170 289 324 0 0.907991 
308 257 314 266 0 0.33166 
249 172 288 325 0 0.933572 
308 257 314 266 0 0.344635 
248 172 287 324 0 0.765028 
308 257 314 266 0 0.326062 
248 170 287 324 0 0.902744 
308 257 314 266 0 0.415068 
248 170 287 323 0 0.886502 
308 257 314 266 0 0.362963 
249 173 287 322 0 0.440023 
308 257 314 266 0 0.342205 
249 170 285 323 0 0.874649 
308 257 314 266 0 0.368845 
247 170 287 322 0 0.810082 
308 257 314 266 0 0.416976 
246 171 287 323 0 0.937181 
308 257 314 266 0 0.413986 
246 174 286 322 0 0.826526 
308 257 314 266 0 0.35902 
245 171 288 323 0 0.911628 
308 257 314 266 0 0.408312 
245 171 288 323 0 0.953107 
308 257 314 266 0 0.381099 
244 170 288 323 0 0.940528 
308 257 314 266 0 0.402396 
244 172 287 323 0 0.944935 
308 257 314 266 0 0.37395 
246 168 289 324 0 0.815799 
308 256 314 266 0 0.368158 
247 168 288 325 0 0.923713 
308 257 314 266 0 0.320696 
246 170 289 325 0 0.931887 
308 257 314 266 0 0.337664 
246 169 289 324 0 0.934103 
308 257 314 266 0 0.356578 
246 168 289 324 0 0.95299 
308 257 314 266 0 0.33357 
246 167 289 324 0 0.925789 
308 257 314 266 0 0.336704 
246 167 289 324 0 0.931542 
308 257 314 266 0 0.335665 
244 168 289 324 0 0.934408 
308 257 314 266 0 0.363773 
243 168 289 324 0 0.927665 
308 257 314 266 0 0.36466 
243 168 289 324 0 0.92537 
308 257 314 266 0 0.375407 
244 168 288 324 0 0.898699 
308 257 314 266 0 0.344461 
243 167 288 325 0 0.912257 
308 257 314 266 0 0.339688 
245 166 288 325 0 0.913603 
245 166 288 325 0 0.94686 
246 167 288 325 0 0.952976 
245 167 288 325 0 0.961463 
244 167 288 325 0 0.952227 
244 168 288 325 0 0.958691 
246 169 287 325 0 0.9602 
246 169 288 325 0 0.965222 
245 168 288 325 0 0.96842 
245 169 287 325 0 0.96743 
244 168 288 325 0 0.964477 
244 167 288 325 0 0.96703 
244 169 287 323 0 0.861613 
242 169 287 324 0 0.906924 
243 168 286 324 0 0.947001 
243 168 287 324 0 0.935348 
243 168 286 324 0 0.957372 
308 257 314 266 0 0.347035 
244 168 286 324 0 0.954081 
308 257 314 266 0 0.336407 
244 168 285 324 0 0.947545 
244 168 285 324 0 0.943323 
244 167 287 325 0 0.941621 
244 167 287 325 0 0.929908 
244 168 287 325 0 0.917307 
244 168 287 325 0 0.888588 
308 257 314 266 0 0.322568 
241 168 286 324 0 0.819438 
242 167 287 324 0 0.827676 
242 167 287 324 0 0.840503 
245 165 287 325 0 0.890454 
244 167 287 324 0 0.896609 
243 166 287 325 0 0.828776 
242 166 288 324 0 0.851818 
241 166 289 324 0 0.872898 
241 167 289 324 0 0.836353 
243 167 288 324 0 0.830168 
243 167 288 324 0 0.812408 
308 257 314 266 0 0.326495 
308 257 314 266 0 0.337884 
308 256 314 266 0 0.473804 
244 168 288 324 0 0.402243 
308 256 314 266 0 0.530987 
308 256 314 266 0 0.560939 
246 167 288 325 0 0.620522 
308 257 314 266 0 0.47331 
308 257 314 266 0 0.504632 
308 257 314 266 0 0.476746 
245 169 288 325 0 0.351506 
245 168 289 324 0 0.734637 
308 257 314 266 0 0.421621 
250 171 287 324 0 0.859456 
250 173 286 324 0 0.612087 
250 170 288 326 0 0.86348 
251 170 287 326 0 0.910798 
250 169 288 326 0 0.930595 
250 169 289 327 0 0.908554 
251 169 289 329 0 0.816551 
251 169 289 328 0 0.874405 
251 172 288 325 0 0.85842 
246 167 291 324 0 0.950488 
245 167 291 325 0 0.946966 
245 168 292 326 0 0.964286 
247 168 293 324 0 0.97643 
244 169 294 324 0 0.98472 
242 169 296 323 0 0.991289 
243 169 298 324 0 0.987365 
245 169 304 324 0 0.984736 
243 169 305 324 0 0.986018 
244 171 305 324 0 0.980265 
245 171 305 323 0 0.982341 
247 171 296 324 0 0.95537 
248 171 299 324 0 0.983768 
250 171 304 324 0 0.980723 
250 170 304 326 0 0.982922 
247 170 305 326 0 0.746548 
250 169 307 323 0 0.973221 
250 169 307 323 0 0.964888 
249 169 308 321 0 0.852845 
250 168 310 324 0 0.53492 
257 172 309 320 0 0.34779 
246 170 312 324 0 0.308813 
255 174 309 320 0 0.395915 
246 170 312 324 0 0.329407 
253 174 311 319 0 0.660477 
248 171 311 323 0 0.560472 
251 173 309 322 0 0.308527 
267 175 305 317 0 0.652752 
268 177 305 319 0 0.316911 
268 175 311 315 0 0.654095 
268 176 312 315 0 0.799204 
268 176 312 316 0 0.85989 
268 176 313 316 0 0.851224 
269 175 313 315 0 0.728287 
269 176 313 315 0 0.720689 
270 175 313 316 0 0.895615 
270 176 312 315 0 0.858784 
269 176 312 316 0 0.77042 
269 177 311 316 0 0.71979 
270 178 310 316 0 0.718096 
268 178 311 315 0 0.456212 
269 178 311 316 0 0.697818 
270 179 313 316 0 0.860066 
271 180 313 314 0 0.84058 
271 180 314 314 0 0.818783 
270 181 312 314 0 0.871951 
270 180 313 312 0 0.914649 
269 180 314 313 0 0.95162 
268 180 315 314 0 0.9596 
267 180 315 314 0 0.944613 
269 182 315 312 0 0.612659 
270 182 317 311 0 0.522815 
271 181 317 311 0 0.94993 
273 180 320 312 0 0.97731 
275 181 321 312 0 0.955283 
275 181 321 312 0 0.975212 
274 179 323 314 0 0.987156 
275 179 323 314 0 0.988423 
275 179 323 314 0 0.991017 
276 180 323 314 0 0.986476 
281 182 323 315 0 0.646869 
287 181 323 315 0 0.767234 
289 182 325 311 0 0.885945 
290 182 329 310 0 0.96626 
291 184 328 309 0 0.961303 
292 189 329 309 0 0.80909 
293 189 331 309 0 0.713676 
291 186 337 312 0 0.785272 
290 186 335 312 0 0.908621 
293 186 333 312 0 0.896194 
293 185 333 312 0 0.96606 
296 185 336 313 0 0.760132 
301 223 332 313 0 0.4314 
297 184 337 313 0 0.883463 
305 236 337 313 0 0.300536 
305 183 347 310 0 0.908463 
305 182 354 312 0 0.944706 
308 221 359 312 0 0.359809 
310 238 360 312 0 0.656782 
311 242 359 311 0 0.904859 
307 256 315 267 0 0.465689 
312 244 359 311 0 0.885156 
307 256 315 267 0 0.568618 
317 243 359 311 0 0.884336 
307 256 315 266 0 0.536145 
307 256 315 266 0 0.54666 
319 241 358 311 0 0.486036 
307 256 315 266 0 0.678583 
323 243 357 308 0 0.527003 
308 256 314 266 0 0.501812 
308 256 314 266 0 0.533599 
308 256 314 266 0 0.507459 
308 257 314 266 0 0.377109 
308 257 314 266 0 0.483276 
308 256 314 266 0 0.564075 
331 189 361 308 0 0.321424 
330 188 362 309 0 0.83498 
308 257 314 266 0 0.536465 
331 187 364 309 0 0.944303 
308 257 314 266 0 0.543195 
331 185 365 309 0 0.97577 
308 257 314 266 0 0.506502 
331 186 366 308 0 0.931051 
308 257 314 266 0 0.490285 
331 186 368 308 0 0.971187 
331 184 370 309 0 0.634788 
308 257 314 266 0 0.364468 
333 184 374 310 0 0.385918 
308 257 314 266 0 0.32846 
333 228 376 308 0 0.886884 
333 230 379 310 0 0.954365 
308 257 314 266 0 0.311976 
333 231 379 312 0 0.917202 
333 230 379 312 0 0.948899 
308 257 314 266 0 0.40975 
333 231 380 312 0 0.97435 
308 257 314 266 0 0.387417 
334 231 380 313 0 0.987156 
308 257 314 266 0 0.383574 
335 229 380 313 0 0.954687 
308 257 314 266 0 0.436274 
337 227 380 313 0 0.867777 
308 257 314 266 0 0.411984 
341 226 379 312 0 0.960856 
308 257 314 266 0 0.364016 
347 229 380 311 0 0.92812 
352 235 381 312 0 0.710314 
354 235 384 311 0 0.444051 
355 236 385 311 0 0.747921 
330 256 337 266 0 0.31975 
330 256 337 266 0 0.382468 
354 187 394 312 0 0.58684 
353 179 401 312 0 0.816033 
353 178 405 313 0 0.753223 
355 222 405 312 0 0.5295 
355 223 405 312 0 0.630531 
355 182 407 313 0 0.714492 
356 187 405 311 0 0.653498 
331 257 337 266 0 0.335687 
358 225 405 313 0 0.565699 
360 234 405 314 0 0.525117 
363 179 407 316 0 0.646118 
366 183 405 312 0 0.615692 
368 177 406 316 0 0.930645 
372 181 406 313 0 0.808636 
372 180 410 314 0 0.511421 
373 181 410 314 0 0.606526 
372 181 410 314 0 0.799174 
376 184 408 312 0 0.754002 
377 187 408 314 0 0.648804 
380 186 411 317 0 0.542247 
381 185 412 317 0 0.530464 
384 183 420 316 0 0.667519 
383 180 421 316 0 0.831607 
382 179 424 315 0 0.979421 
382 180 424 316 0 0.966427 
383 177 429 319 0 0.968122 
383 176 434 318 0 0.981662 
384 174 435 319 0 0.990375 
384 174 436 319 0 0.988626 
385 175 436 319 0 0.991291 
386 176 438 318 0 0.990135 
387 177 436 318 0 0.992119 
389 176 436 318 0 0.991033 
389 176 437 319 0 0.978817 
389 174 440 319 0 0.882118 
390 174 439 319 0 0.712206 
396 176 438 318 0 0.586638 
396 175 440 319 0 0.93851 
396 177 442 318 0 0.970458 
396 177 442 319 0 0.973213 
396 178 442 319 0 0.971691 
397 179 440 319 0 0.953842 
397 177 440 318 0 0.960805 
398 178 440 318 0 0.972172 
397 178 440 319 0 0.969449 
399 178 440 318 0 0.974612 
397 177 440 318 0 0.941975 
397 176 441 319 0 0.974797 
399 174 437 318 0 0.897539 
396 175 441 320 0 0.948721 
397 175 438 318 0 0.853521 
396 176 440 320 0 0.941798 
396 175 441 319 0 0.96036 
396 177 440 320 0 0.942079 
396 176 440 320 0 0.951337 
396 176 442 320 0 0.970261 
396 175 443 320 0 0.982934 
396 175 443 321 0 0.987529 
396 175 444 321 0 0.990629 
397 175 444 322 0 0.989973 
398 174 445 321 0 0.982522 
398 175 445 322 0 0.987634 
308 256 314 266 0 0.305951 
397 175 444 322 0 0.98882 
308 256 314 266 0 0.317689 
398 176 446 322 0 0.983919 
308 257 314 266 0 0.328608 
399 175 447 323 0 0.979486 
308 256 314 266 0 0.366526 
400 173 447 323 0 0.978382 
308 257 314 266 0 0.36253 
402 174 448 322 0 0.964261 
308 257 314 266 0 0.340098 
403 174 448 322 0 0.965196 
308 256 314 266 0 0.351325 
403 172 448 320 0 0.967354 
308 257 314 266 0 0.377395 
402 173 450 323 0 0.965566 
308 257 314 266 0 0.401088 
403 172 450 323 0 0.977155 
308 257 314 266 0 0.387322 
403 172 451 322 0 0.978544 
405 172 449 323 0 0.910009 
405 171 450 323 0 0.95137 
405 171 451 323 0 0.939022 
405 172 452 323 0 0.916242 
405 171 452 323 0 0.969921 
405 170 452 323 0 0.982581 
406 171 452 323 0 0.969847 
406 170 452 323 0 0.978394 
407 170 452 323 0 0.985444 
407 170 452 323 0 0.980982 
408 170 452 323 0 0.978375 
408 169 451 323 0 0.357694 
408 170 452 323 0 0.939469 
409 170 452 323 0 0.960883 
407 171 452 323 0 0.982583 
406 170 450 323 0 0.972674 
405 170 450 323 0 0.974144 
404 170 449 323 0 0.981536 
403 170 449 323 0 0.977907 
403 170 450 323 0 0.974741 
402 170 451 323 0 0.984632 
401 170 452 323 0 0.977975 
400 170 453 324 0 0.978602 
404 167 446 324 0 0.360664 
403 169 452 323 0 0.921026 
308 257 314 266 0 0.35669 
401 170 458 324 0 0.972803 
308 257 314 266 0 0.403856 
400 169 461 323 0 0.965445 
308 257 314 266 0 0.397037 
330 256 337 266 0 0.314665 
401 169 463 323 0 0.979826 
308 257 314 266 0 0.421391 
401 170 465 325 0 0.970244 
308 257 314 266 0 0.414641 
401 170 464 325 0 0.976681 
308 257 314 266 0 0.419154 
401 169 464 327 0 0.961384 
308 257 314 266 0 0.449516 
402 170 464 326 0 0.956857 
308 257 314 266 0 0.42764 
403 170 464 327 0 0.955453 
308 257 314 266 0 0.424911 
402 170 465 326 0 0.969041 
308 257 314 266 0 0.449921 
402 170 465 326 0 0.972869 
308 257 314 266 0 0.389098 
404 171 464 326 0 0.976605 
404 170 465 327 0 0.981219 
404 169 466 327 0 0.980346 
404 170 465 327 0 0.981526 
405 170 465 327 0 0.982506 
406 170 465 326 0 0.985511 
406 170 466 327 0 0.983113 
406 171 465 326 0 0.98251 
407 172 465 327 0 0.978092 
407 171 465 327 0 0.976177 
407 172 465 327 0 0.974721 
407 171 465 326 0 0.979816 
407 172 462 326 0 0.93181 
611 302 640 349 2 0.508334 
406 171 464 326 0 0.9742 
406 171 465 327 0 0.965036 
405 170 466 327 0 0.98044 
405 170 465 327 0 0.98007 
404 170 465 327 0 0.983678 
404 171 465 327 0 0.978157 
404 172 465 327 0 0.967425 
403 172 465 327 0 0.976059 
403 171 465 327 0 0.981793 
403 171 465 327 0 0.975315 
402 171 465 327 0 0.979629 
403 170 463 326 0 0.980122 
404 170 464 326 0 0.980194 
403 170 465 327 0 0.975804 
402 171 466 327 0 0.976505 
402 170 466 327 0 0.975138 
330 257 337 266 0 0.301918 
402 170 466 327 0 0.982651 
402 170 466 327 0 0.982862 
402 170 466 327 0 0.983463 
403 170 466 327 0 0.980845 
403 170 466 327 0 0.976544 
403 170 466 327 0 0.982029 
330 257 337 266 0 0.310203 
402 169 466 326 0 0.985246 
402 172 464 327 0 0.935554 
402 172 465 327 0 0.956223 
402 171 465 327 0 0.949472 
402 172 465 327 0 0.95321 
402 173 464 328 0 0.936902 
403 171 464 328 0 0.960025 
402 168 464 327 0 0.985411 
402 169 464 327 0 0.985355 
402 168 464 327 0 0.987812 
402 168 464 327 0 0.988574 
401 168 464 327 0 0.988981 
401 167 463 327 0 0.989324 
402 167 463 325 0 0.974704 
402 168 463 326 0 0.986917 
402 168 464 325 0 0.983482 
401 168 464 326 0 0.986946 
401 168 465 326 0 0.986774 
399 168 465 326 0 0.989427 
399 168 465 326 0 0.990934 
400 168 465 326 0 0.990172 
398 168 465 326 0 0.991171 
398 168 465 326 0 0.989955 
399 168 465 326 0 0.987918 
399 168 465 326 0 0.98981 
399 168 464 326 0 0.969498 
400 168 465 326 0 0.980058 
400 168 465 326 0 0.986672 
398 168 465 326 0 0.990638 
399 168 465 326 0 0.99233 
400 169 465 326 0 0.992433 
398 168 465 326 0 0.992751 
399 168 465 326 0 0.991295 
399 168 465 326 0 0.990992 
398 168 465 326 0 0.990346 
398 169 465 326 0 0.991099 
397 169 465 326 0 0.990522 
308 257 314 266 0 0.334592 
403 169 465 327 0 0.983263 
403 169 465 327 0 0.98612 
403 168 465 327 0 0.987845 
403 169 465 327 0 0.98634 
403 168 465 327 0 0.987012 
403 168 465 327 0 0.986191 
402 168 465 327 0 0.987527 
402 169 465 327 0 0.987539 
308 257 314 266 0 0.315223 
401 168 465 327 0 0.98957 
308 257 314 266 0 0.332258 
402 169 465 327 0 0.987336 
308 257 314 266 0 0.300869 
402 169 465 327 0 0.988975 
308 257 314 266 0 0.304726 
402 169 465 327 0 0.988699 
403 169 464 326 0 0.97214 
403 168 464 327 0 0.981646 
403 168 465 327 0 0.987922 
402 169 465 327 0 0.985137 
5 175 19 201 0 0.478806 
402 169 465 327 0 0.985245 
403 169 465 327 0 0.986739 
403 169 465 327 0 0.989006 
5 174 20 201 0 0.317262 
403 169 465 327 0 0.988045 
403 169 465 327 0 0.989442 
402 169 465 327 0 0.98773 
402 169 465 327 0 0.987514 
402 169 465 327 0 0.986686 
402 169 465 327 0 0.963702 
402 169 465 327 0 0.977938 
402 169 465 327 0 0.979802 
402 169 465 327 0 0.980058 
402 169 465 327 0 0.981502 
401 169 465 327 0 0.984801 
401 169 465 327 0 0.981821 
400 169 465 327 0 0.985025 
400 170 465 327 0 0.984349 
401 169 465 327 0 0.985588 
402 169 465 327 0 0.985405 
401 169 465 327 0 0.984364 
404 169 464 326 0 0.974409 
403 169 464 326 0 0.973683 
403 169 465 327 0 0.976524 
403 169 465 326 0 0.977969 
403 169 465 326 0 0.977248 
404 168 465 327 0 0.973599 
403 168 465 327 0 0.97178 
403 168 465 327 0 0.974544 
403 169 465 326 0 0.974177 
404 169 465 326 0 0.976817 
403 169 465 326 0 0.979701 
403 169 465 326 0 0.980673 
404 170 463 327 0 0.905126 
404 169 464 327 0 0.939506 
404 169 464 327 0 0.956098 
404 169 464 327 0 0.970334 
404 169 464 327 0 0.97397 
404 169 464 328 0 0.971534 
404 169 464 327 0 0.974156 
404 169 464 328 0 0.974778 
404 169 464 327 0 0.978018 
404 169 464 327 0 0.975736 
404 169 464 327 0 0.977191 
404 169 464 327 0 0.978795 
400 169 464 326 0 0.969989 
400 169 464 326 0 0.980565 
400 169 465 326 0 0.982934 
400 169 465 327 0 0.980631 
400 169 465 327 0 0.983393 
399 169 465 327 0 0.981943 
400 169 465 327 0 0.981284 
400 169 465 327 0 0.983211 
400 169 465 327 0 0.983041 
400 169 465 326 0 0.981366 
400 170 465 326 0 0.982728 
400 170 465 326 0 0.985099 
403 170 464 326 0 0.967466 
403 170 464 327 0 0.970424 
403 170 464 326 0 0.97114 
403 170 464 326 0 0.972722 
403 171 464 326 0 0.971137 
403 170 464 326 0 0.973878 
403 170 464 326 0 0.97625 
402 171 464 326 0 0.976312 
308 257 314 266 0 0.30134 
403 171 464 326 0 0.976699 
402 172 464 326 0 0.972288 
403 171 464 327 0 0.9756 
404 172 465 327 0 0.968991 
405 172 464 327 0 0.903455 
404 173 464 327 0 0.920552 
403 173 464 327 0 0.936989 
404 174 465 327 0 0.942515 
403 177 465 327 0 0.812498 
403 175 465 327 0 0.93297 
403 175 465 327 0 0.94667 
407 200 464 325 0 0.955139 
403 177 465 326 0 0.819996 
407 198 464 325 0 0.932053 
406 199 465 325 0 0.96097 
406 196 465 325 0 0.881741 
399 171 464 325 0 0.972541 
398 172 464 326 0 0.982007 
398 171 465 325 0 0.985972 
397 172 465 325 0 0.986798 
397 172 465 325 0 0.987742 
397 172 465 325 0 0.98834 
397 173 464 326 0 0.987996 
6 174 18 193 0 0.33956 
397 173 464 326 0 0.986538 
399 173 464 326 0 0.986566 
404 175 464 326 0 0.911064 
6 174 18 193 0 0.301145 
407 201 464 325 0 0.973583 
407 210 465 325 0 0.991215 
403 175 464 326 0 0.929115 
400 173 464 325 0 0.985346 
401 172 464 325 0 0.982173 
400 172 464 326 0 0.98826 
400 173 464 326 0 0.983926 
401 172 464 326 0 0.983328 
401 172 464 326 0 0.983549 
400 172 463 326 0 0.981913 
401 172 463 326 0 0.986972 
401 171 463 326 0 0.988161 
402 171 463 325 0 0.986803 
403 172 463 326 0 0.986682 
403 172 462 325 0 0.965947 
402 173 463 325 0 0.978787 
403 173 462 325 0 0.976317 
403 173 462 325 0 0.981558 
404 174 463 325 0 0.975786 
404 173 463 325 0 0.97915 
404 174 463 325 0 0.982861 
404 173 463 325 0 0.984878 
404 173 463 326 0 0.985837 
308 257 314 266 0 0.302392 
404 174 463 326 0 0.983759 
308 257 314 266 0 0.307537 
404 174 463 326 0 0.9838 
404 173 463 326 0 0.984898 
404 170 462 325 0 0.881199 
404 171 462 325 0 0.956275 
404 172 463 325 0 0.940483 
406 172 463 325 0 0.945493 
404 172 463 325 0 0.951703 
404 171 463 326 0 0.955915 
404 172 463 326 0 0.958576 
404 172 463 326 0 0.973812 
404 172 463 325 0 0.975921 
404 172 463 326 0 0.975348 
404 172 464 326 0 0.98688 
404 172 464 326 0 0.981871 
408 172 462 326 0 0.964132 
408 172 462 326 0 0.973589 
406 172 464 326 0 0.977981 
405 172 464 326 0 0.982991 
406 172 464 326 0 0.980601 
405 172 464 326 0 0.984114 
404 172 464 326 0 0.987579 
404 172 464 325 0 0.987333 
404 172 464 325 0 0.989111 
404 172 464 325 0 0.986124 
404 173 464 325 0 0.986388 
403 172 464 326 0 0.987939 
402 171 463 325 0 0.988731 
401 172 463 325 0 0.989397 
401 171 463 325 0 0.991484 
401 172 463 325 0 0.990021 
402 175 463 325 0 0.971349 
308 257 314 266 0 0.303685 
401 175 463 325 0 0.979037 
308 257 314 266 0 0.303443 
401 173 464 326 0 0.983237 
308 257 314 266 0 0.300715 
402 172 464 326 0 0.989243 
402 172 464 326 0 0.985545 
402 172 464 326 0 0.984873 
401 171 464 326 0 0.992502 
401 172 464 326 0 0.99157 
401 170 463 326 0 0.987069 
400 171 463 325 0 0.989174 
400 171 464 325 0 0.991245 
401 171 463 326 0 0.991008 
402 171 463 326 0 0.989883 
401 171 463 326 0 0.99038 
400 171 464 326 0 0.991805 
401 171 464 326 0 0.991191 
401 171 464 326 0 0.989065 
400 171 463 326 0 0.990718 
400 171 464 326 0 0.991639 
399 171 463 326 0 0.992882 
401 171 462 326 0 0.949723 
401 171 462 325 0 0.974224 
401 171 463 325 0 0.980897 
400 170 463 325 0 0.985802 
400 170 463 326 0 0.986421 
399 169 464 326 0 0.990797 
399 169 463 326 0 0.990993 
399 169 464 326 0 0.990697 
399 170 463 325 0 0.990218 
399 170 463 326 0 0.988795 
400 170 463 326 0 0.987465 
399 169 463 326 0 0.988478 
399 169 463 325 0 0.989392 
398 170 463 325 0 0.992202 
399 170 463 325 0 0.992821 
308 257 314 266 0 0.304412 
399 170 463 325 0 0.993336 
399 170 463 325 0 0.993586 
308 257 314 266 0 0.300796 
400 170 463 325 0 0.993273 
400 170 463 325 0 0.993027 
399 170 463 325 0 0.9933 
399 170 463 325 0 0.99343 
399 170 463 325 0 0.993374 
399 170 464 325 0 0.992757 
399 169 463 326 0 0.993615 
402 169 463 326 0 0.969726 
401 170 463 326 0 0.982723 
308 257 314 266 0 0.337287 
401 170 463 326 0 0.984968 
308 257 314 266 0 0.409914 
400 169 463 326 0 0.986903 
308 257 314 266 0 0.386269 
400 169 463 325 0 0.990618 
308 257 314 266 0 0.440498 
400 169 463 325 0 0.991589 
308 257 314 266 0 0.322168 
398 169 463 326 0 0.9913 
308 257 314 266 0 0.370701 
398 169 463 326 0 0.991568 
308 257 314 266 0 0.345728 
398 169 463 326 0 0.99128 
308 257 314 266 0 0.354132 
399 170 463 326 0 0.989668 
308 257 314 266 0 0.34878 
399 170 463 326 0 0.991484 
308 257 314 266 0 0.352238 
399 170 463 326 0 0.990764 
308 257 314 266 0 0.346395 
399 169 463 326 0 0.948893 
400 170 463 326 0 0.963958 
400 170 464 326 0 0.975454 
400 170 464 326 0 0.971143 
399 170 464 326 0 0.97425 
398 170 463 326 0 0.977262 
398 170 464 326 0 0.985917 
398 170 464 326 0 0.986534 
398 170 464 326 0 0.987766 
398 170 464 326 0 0.989097 
398 170 463 326 0 0.988952 
397 170 463 326 0 0.989071 
399 170 464 326 0 0.974678 
398 170 464 326 0 0.987226 
398 171 464 326 0 0.987756 
398 171 464 326 0 0.988397 
398 171 464 326 0 0.988234 
398 170 464 326 0 0.990966 
398 170 464 326 0 0.991163 
399 170 464 326 0 0.991958 
399 170 464 326 0 0.990592 
399 170 464 327 0 0.990843 
399 171 464 326 0 0.990383 
400 171 464 326 0 0.990568 
403 171 463 327 0 0.764173 
403 171 463 327 0 0.822937 
403 170 463 326 0 0.931273 
403 169 463 326 0 0.957021 
401 171 463 325 0 0.975472 
401 171 463 325 0 0.979032 
401 171 463 325 0 0.980344 
400 170 463 325 0 0.983598 
401 171 463 326 0 0.978818 
399 171 463 326 0 0.976294 
308 257 314 266 0 0.313747 
400 171 464 326 0 0.970634 
308 257 314 266 0 0.324673 
400 171 464 326 0 0.973658 
308 257 314 266 0 0.310108 
400 170 462 325 0 0.973363 
400 170 463 325 0 0.986336 
400 171 463 325 0 0.987239 
400 170 463 325 0 0.989762 
401 172 463 325 0 0.988295 
401 171 463 326 0 0.985309 
401 171 463 326 0 0.980062 
400 171 464 326 0 0.982372 
400 171 464 327 0 0.988285 
400 171 464 327 0 0.983881 
403 172 464 327 0 0.978398 
403 173 464 327 0 0.97276 
403 169 463 325 0 0.959405 
403 169 464 327 0 0.97354 
404 171 465 327 0 0.968449 
405 173 465 327 0 0.952229 
405 173 465 327 0 0.939327 
405 170 463 327 0 0.967345 
308 257 314 266 0 0.303332 
405 171 463 326 0 0.980187 
406 173 462 326 0 0.952933 
407 170 463 325 0 0.982702 
308 257 314 266 0 0.3373 
407 169 462 325 0 0.987502 
308 257 314 266 0 0.36437 
407 168 462 324 0 0.991524 
308 257 314 266 0 0.422032 
407 169 462 324 0 0.989027 
308 257 314 266 0 0.438403 
409 169 462 324 0 0.936674 
408 169 463 324 0 0.981826 
407 169 464 324 0 0.982044 
406 170 463 324 0 0.983059 
404 170 464 324 0 0.982799 
404 169 465 325 0 0.983234 
402 169 465 324 0 0.989568 
401 172 465 325 0 0.974635 
400 171 465 324 0 0.982124 
400 169 466 324 0 0.98102 
400 168 465 324 0 0.985093 
402 168 466 324 0 0.986803 
404 167 464 323 0 0.968889 
407 168 464 323 0 0.979465 
412 169 461 324 0 0.984753 
415 170 461 325 0 0.973126 
417 171 461 325 0 0.979239 
419 170 462 324 0 0.963167 
418 171 462 325 0 0.965051 
417 168 463 324 0 0.980242 
416 168 462 325 0 0.976772 
416 168 462 324 0 0.957103 
415 166 462 324 0 0.958386 
308 257 314 266 0 0.303785 
414 166 464 327 0 0.951402 
308 257 314 266 0 0.311084 
412 165 461 326 0 0.910644 
412 165 461 326 0 0.970981 
411 165 462 326 0 0.971238 
411 165 462 327 0 0.976054 
412 164 461 327 0 0.964822 
413 164 462 327 0 0.920139 
308 257 314 266 0 0.35677 
413 164 462 327 0 0.831585 
308 257 314 266 0 0.390071 
412 165 463 327 0 0.941908 
308 257 314 266 0 0.34569 
413 165 463 327 0 0.936348 
308 257 314 266 0 0.348739 
413 165 463 327 0 0.894753 
308 257 314 266 0 0.377543 
413 165 462 328 0 0.512925 
308 257 314 266 0 0.394065 
420 163 469 326 0 0.511598 
420 165 468 327 0 0.357344 
421 163 469 327 0 0.679572 
421 165 472 328 0 0.481976 
442 190 472 215 2 0.427275 
423 169 466 328 0 0.735951 
444 190 471 214 2 0.532633 
422 172 466 326 0 0.826154 
444 190 471 215 2 0.529264 
422 168 466 329 0 0.877935 
421 168 466 331 0 0.859068 
421 166 466 329 0 0.836442 
420 166 466 329 0 0.868135 
416 162 468 329 0 0.956921 
415 161 468 329 0 0.977863 
414 164 469 330 0 0.983566 
415 166 468 332 0 0.966526 
416 160 466 328 0 0.776562 
415 160 466 329 0 0.913565 
415 159 465 329 0 0.921461 
414 160 465 329 0 0.91517 
414 159 465 329 0 0.899011 
414 163 467 330 0 0.945175 
330 257 337 266 0 0.429408 
413 163 467 330 0 0.950918 
330 257 337 266 0 0.426459 
413 162 468 329 0 0.950395 
414 163 467 328 0 0.921939 
330 257 337 266 0 0.302221 
415 163 467 329 0 0.889486 
330 257 337 266 0 0.314969 
416 164 468 329 0 0.945858 
330 257 337 266 0 0.341891 
419 157 466 330 0 0.462983 
415 151 468 338 0 0.679524 
415 154 465 333 0 0.736526 
413 149 469 339 0 0.830307 
413 149 468 339 0 0.831711 
410 150 468 339 0 0.8601 
411 150 468 341 0 0.862472 
409 151 467 340 0 0.933177 
410 151 463 341 0 0.762252 
411 149 463 340 0 0.578086 
410 146 465 339 0 0.52244 
409 146 464 338 0 0.77021 
308 257 314 266 0 0.331991 
407 149 464 336 0 0.958176 
308 257 314 266 0 0.327779 
404 149 463 337 0 0.95186 
401 147 465 337 0 0.958153 
308 257 314 266 0 0.37686 
402 146 463 337 0 0.962578 
400 145 461 337 0 0.974774 
401 141 459 338 0 0.953989 
400 140 459 339 0 0.94739 
401 142 460 338 0 0.913338 
399 144 461 337 0 0.948536 
399 146 461 337 0 0.985505 
400 146 461 338 0 0.97882 
402 145 459 339 0 0.977835 
405 144 460 340 0 0.959072 
408 140 461 342 0 0.900541 
408 140 462 343 0 0.896292 
408 142 462 341 0 0.827788 
411 140 465 343 0 0.800344 
410 140 465 342 0 0.832208 
308 257 314 266 0 0.333538 
308 257 314 266 0 0.411532 
308 257 314 266 0 0.452992 
308 257 314 266 0 0.449121 
308 257 314 266 0 0.396236 
308 257 314 266 0 0.407168 
308 257 314 266 0 0.415441 
308 257 314 266 0 0.443231 
308 257 314 266 0 0.464592 
308 257 314 266 0 0.438074 
308 257 314 266 0 0.425472 
308 257 314 266 0 0.412609 
409 128 463 351 0 0.5139 
308 257 314 266 0 0.302488 
408 128 464 348 0 0.651295 
308 257 314 266 0 0.347041 
405 132 465 344 0 0.889497 
308 257 314 266 0 0.365784 
404 130 466 346 0 0.941534 
308 257 314 266 0 0.305609 
402 129 466 346 0 0.940568 
401 128 466 345 0 0.909106 
399 127 464 344 0 0.899526 
402 123 462 347 0 0.692503 
404 123 462 349 0 0.681962 
403 126 461 351 0 0.863783 
404 127 461 353 0 0.3193 
404 127 461 353 0 0.37296 
407 127 461 352 0 0.720402 
405 123 462 355 0 0.758556 
405 121 464 354 0 0.784934 
405 120 463 353 0 0.711289 
407 120 464 354 0 0.776672 
407 121 465 354 0 0.825003 
408 120 465 359 0 0.564612 
409 117 466 360 0 0.353151 
409 116 465 365 0 0.329577 
407 117 468 363 0 0.701547 
407 114 468 363 0 0.514964 
308 257 314 266 0 0.313003 
406 107 469 368 0 0.312717 
405 104 471 369 0 0.365839 
406 109 472 372 0 0.397127 
308 257 314 266 0 0.303639 
308 257 314 266 0 0.308949 
308 257 314 266 0 0.313944 
308 257 314 266 0 0.343251 
308 257 314 266 0 0.34865 
308 257 314 266 0 0.333861 
411 136 475 368 0 0.316567 
444 251 480 371 0 0.8 
308 257 314 266 0 0.311018 
308 257 314 266 0 0.332571 
308 257 314 266 0 0.343002 
308 257 314 266 0 0.378278 
330 257 337 266 0 0.300719 
308 257 314 266 0 0.3906 
330 256 337 266 0 0.327843 
308 257 314 266 0 0.321007 
308 257 314 266 0 0.330627 
308 257 314 266 0 0.359212 
308 257 314 266 0 0.311393 
308 257 314 266 0 0.309725 
308 257 314 266 0 0.311833 
308 257 314 266 0 0.333693 
308 256 314 266 0 0.326384 
308 256 314 266 0 0.322719 
308 256 314 266 0 0.349063 
308 256 314 266 0 0.369231 
308 256 314 266 0 0.352221 
308 256 314 266 0 0.35847 
308 256 314 266 0 0.352576 
308 256 314 266 0 0.301987 
433 290 473 408 0 0.701014 
484 249 544 428 0 0.338092 
308 257 314 266 0 0.324109 
308 257 314 266 0 0.39659 
308 257 314 266 0 0.37341 
308 257 314 266 0 0.365755 
308 257 314 266 0 0.351383 
308 257 314 266 0 0.319146 
308 257 314 266 0 0.311265 
308 257 314 266 0 0.332656 
308 257 314 266 0 0.378702 
308 257 314 266 0 0.355222 
308 257 314 266 0 0.396478 
308 257 314 266 0 0.379139 
