0 218 21 342 0 0.550924 
0 216 21 341 0 0.474902 
0 216 22 341 0 0.546669 
0 217 22 340 0 0.365141 
0 219 23 342 0 0.650788 
0 220 23 343 0 0.631701 
22 223 57 340 0 0.637863 
19 208 67 348 0 0.808971 
22 207 81 353 0 0.344989 
21 208 75 350 0 0.936323 
22 207 76 350 0 0.979063 
23 204 78 351 0 0.994954 
24 204 82 351 0 0.993862 
24 205 82 351 0 0.996892 
22 203 83 352 0 0.996356 
22 202 83 351 0 0.994092 
23 205 84 351 0 0.993787 
27 203 84 351 0 0.965529 
29 203 84 353 0 0.989954 
30 204 84 354 0 0.982562 
30 203 86 356 0 0.982729 
31 204 84 356 0 0.987211 
31 203 87 354 0 0.987406 
32 202 88 355 0 0.98328 
33 200 89 353 0 0.97191 
32 199 91 352 0 0.952203 
33 199 90 350 0 0.94228 
32 198 92 346 0 0.835133 
33 203 90 346 0 0.607193 
33 202 91 348 0 0.744024 
33 200 91 350 0 0.743582 
33 201 91 349 0 0.641325 
38 202 96 350 0 0.491675 
38 202 95 351 0 0.425038 
39 200 96 355 0 0.920647 
41 199 98 355 0 0.986899 
42 199 99 355 0 0.995106 
40 198 101 357 0 0.995058 
41 197 102 354 0 0.957882 
45 198 103 352 0 0.990113 
47 199 102 350 0 0.987802 
49 201 102 356 0 0.99315 
47 198 103 359 0 0.997758 
47 199 104 361 0 0.99679 
47 199 103 361 0 0.988833 
48 197 106 364 0 0.99646 
50 197 105 362 0 0.972664 
51 193 108 363 0 0.977144 
51 192 109 363 0 0.997804 
51 192 109 363 0 0.998561 
53 190 109 361 0 0.99661 
55 190 111 351 0 0.991347 
56 191 112 353 0 0.987111 
58 194 111 351 0 0.943996 
63 210 112 360 0 0.420581 
64 226 113 364 0 0.420514 
65 224 112 367 0 0.739105 
66 219 113 368 0 0.325615 
87 163 157 377 0 0.948112 
88 162 157 378 0 0.923274 
89 162 158 380 0 0.863053 
101 166 159 386 0 0.438583 
97 165 163 387 0 0.526364 
91 164 161 383 0 0.426894 
88 164 163 384 0 0.622996 
95 164 166 388 0 0.534637 
95 164 169 390 0 0.395905 
93 162 173 388 0 0.36691 
93 163 176 389 0 0.683914 
98 158 173 393 0 0.940077 
98 158 172 393 0 0.896014 
103 157 173 393 0 0.778136 
105 157 174 393 0 0.594366 
124 154 186 393 0 0.35721 
126 154 187 391 0 0.314922 
127 154 189 394 0 0.640705 
133 159 190 393 0 0.455 
131 157 196 400 0 0.942249 
134 158 195 396 0 0.920763 
135 159 192 401 0 0.928353 
133 157 194 401 0 0.948747 
133 154 196 401 0 0.685661 
133 153 201 401 0 0.615966 
141 156 206 409 0 0.485656 
140 159 207 406 0 0.568071 
148 142 225 409 0 0.49368 
150 140 230 414 0 0.657511 
153 136 226 415 0 0.372006 
151 129 236 419 0 0.667803 
152 127 235 418 0 0.559029 
153 130 227 419 0 0.45442 
153 132 228 421 0 0.511187 
165 131 235 431 0 0.590277 
164 135 237 442 0 0.801398 
164 136 243 443 0 0.911319 
165 143 247 444 0 0.92596 
170 156 248 446 0 0.850057 
171 165 250 446 0 0.416408 
208 100 292 474 0 0.301122 
219 97 302 474 0 0.466627 
217 109 305 490 0 0.30921 
314 289 404 507 0 0.487627 
553 298 632 511 0 0.32612 
